0.00 , 250
0.00 , 250
0.00 , 250
1.26 , 250
5.05 , 250
8.84 , 250
10.10 , 250
10.10 , 250
8.84 , 250
8.84 , 250
8.84 , 250
8.84 , 250
10.10 , 250
10.10 , 250
10.10 , 250
11.36 , 250
11.36 , 250
12.62 , 250
12.62 , 250
13.88 , 250
15.15 , 250
16.41 , 250
16.41 , 250
16.41 , 250
16.41 , 250
17.67 , 120
18.93 , 120
18.93 , 120
18.93 , 120
20.19 , 120
21.46 , 120
21.46 , 120
20.19 , 120
20.19 , 120
22.72 , 120
23.98 , 120
22.72 , 120
21.46 , 120
20.19 , 120
20.19 , 120
22.72 , 120
25.24 , 120
23.98 , 120
22.72 , 120
21.46 , 120
21.46 , 120
23.98 , 120
26.51 , 120
26.51 , 120
23.98 , 120
23.98 , 120
25.24 , 120
27.77 , 120
29.03 , 120
29.03 , 120
27.77 , 120
26.51 , 120
27.77 , 120
30.29 , 120
29.03 , 120
27.77 , 120
26.51 , 120
26.51 , 120
29.03 , 120
31.55 , 120
31.55 , 120
29.03 , 120
27.77 , 120
29.03 , 120
31.55 , 120
32.82 , 120
31.55 , 120
29.03 , 120
29.03 , 120
30.29 , 120
32.82 , 120
34.08 , 120
32.82 , 120
31.55 , 120
30.29 , 120
31.55 , 120
34.08 , 120
32.82 , 120
31.55 , 120
30.29 , 120
31.55 , 120
32.82 , 120
34.08 , 120
32.82 , 120
30.29 , 120
29.03 , 120
29.03 , 120
31.55 , 120
32.82 , 120
31.55 , 120
30.29 , 120
29.03 , 120
30.29 , 120
32.82 , 120
32.82 , 120
31.55 , 100
29.03 , 100
29.03 , 100
30.29 , 100
31.55 , 100
30.29 , 100
29.03 , 100
26.51 , 100
26.51 , 100
29.03 , 100
30.29 , 75
29.03 , 75
27.77 , 75
26.51 , 75
27.77 , 75
30.29 , 75
30.29 , 75
29.03 , 75
26.51 , 75
25.24 , 75
25.24 , 75
26.51 , 75
27.77 , 75
27.77 , 75
26.51 , 75
25.24 , 75
26.51 , 75
26.51 , 75
26.51 , 75
25.24 , 75
23.98 , 50
23.98 , 50
25.24 , 50
25.24 , 50
23.98 , 50
22.72 , 50
21.46 , 50
20.19 , 50
21.46 , 50
21.46 , 50
21.46 , 120
20.19 , 120
18.93 , 120
18.93 , 120
20.19 , 120
20.19 , 120
18.93 , 120
17.67 , 120
17.67 , 120
18.93 , 120
20.19 , 120
18.93 , 120
16.41 , 120
15.15 , 120
13.88 , 120
16.41 , 120
17.67 , 120
17.67 , 120
15.15 , 120
13.88 , 120
13.88 , 120
16.41 , 120
16.41 , 120
13.88 , 120
12.62 , 120
11.36 , 120
13.88 , 120
15.15 , 120
15.15 , 120
12.62 , 120
11.36 , 120
10.10 , 120
11.36 , 120
12.62 , 120
11.36 , 120
10.10 , 120
7.57 , 120
7.57 , 120
10.10 , 120
10.10 , 120
8.84 , 120
6.31 , 120
5.05 , 120
6.31 , 120
7.57 , 120
8.84 , 120
6.31 , 120
5.05 , 120
3.79 , 120
5.05 , 120
7.57 , 120
7.57 , 120
6.31 , 120
5.05 , 120
3.79 , 120
5.05 , 120
6.31 , 120
5.05 , 120
3.79 , 120
2.52 , 120
2.52 , 120
3.79 , 120
5.05 , 120
3.79 , 120
2.52 , 120
1.26 , 120
1.26 , 120
3.79 , 120
5.05 , 120
3.79 , 120
2.52 , 120
1.26 , 120
2.52 , 120
5.05 , 120
3.79 , 120
2.52 , 120
1.26 , 120
0.00 , 120
1.26 , 120
3.79 , 120
2.52 , 120
1.26 , 120
0.00 , 120
1.26 , 120
3.79 , 120
5.05 , 120
3.79 , 120
2.52 , 120
1.26 , 120
1.26 , 120
3.79 , 120
5.05 , 120
3.79 , 120
2.52 , 120
1.26 , 120
2.52 , 120
5.05 , 120
6.31 , 120
5.05 , 120
2.52 , 120
3.79 , 120
5.05 , 120
7.57 , 120
7.57 , 120
6.31 , 120
3.79 , 120
5.05 , 120
6.31 , 120
8.84 , 120
8.84 , 120
6.31 , 120
5.05 , 120
5.05 , 120
7.57 , 120
8.84 , 120
8.84 , 120
6.31 , 120
5.05 , 120
6.31 , 120
7.57 , 120
8.84 , 120
7.57 , 120
6.31 , 120
5.05 , 120
6.31 , 120
8.84 , 120
8.84 , 120
7.57 , 120
6.31 , 120
5.05 , 120
6.31 , 120
8.84 , 120
8.84 , 120
7.57 , 120
5.05 , 120
5.05 , 120
7.57 , 120
8.84 , 120
8.84 , 120
6.31 , 120
5.05 , 120
5.05 , 120
7.57 , 120
8.84 , 120
7.57 , 120
6.31 , 120
5.05 , 120
7.57 , 120
10.10 , 120
10.10 , 120
8.84 , 120
6.31 , 120
6.31 , 120
7.57 , 120
10.10 , 120
10.10 , 120
8.84 , 120
6.31 , 120
6.31 , 120
8.84 , 120
10.10 , 120
10.10 , 120
7.57 , 120
6.31 , 120
6.31 , 120
8.84 , 120
10.10 , 120
8.84 , 120
7.57 , 120
6.31 , 120
7.57 , 120
8.84 , 120
10.10 , 120
8.84 , 120
7.57 , 120
6.31 , 120
7.57 , 120
10.10 , 120
10.10 , 120
8.84 , 120
6.31 , 120
6.31 , 120
7.57 , 120
10.10 , 120
10.10 , 120
7.57 , 120
6.31 , 120
6.31 , 120
8.84 , 120
10.10 , 120
8.84 , 120
7.57 , 120
6.31 , 120
6.31 , 120
8.84 , 120
10.10 , 120
8.84 , 120
7.57 , 120
6.31 , 120
7.57 , 120
10.10 , 120
10.10 , 120
8.84 , 120
6.31 , 120
6.31 , 120
7.57 , 120
10.10 , 120
10.10 , 120
8.84 , 120
6.31 , 120
6.31 , 120
8.84 , 120
10.10 , 120
10.10 , 120
7.57 , 120
6.31 , 120
6.31 , 120
8.84 , 120
10.10 , 120
8.84 , 120
7.57 , 120
6.31 , 120
7.57 , 120
10.10 , 120
10.10 , 120
8.84 , 120
6.31 , 120
6.31 , 120
7.57 , 120
10.10 , 120
10.10 , 120
8.84 , 120
6.31 , 120
6.31 , 120
8.84 , 120
10.10 , 120
10.10 , 120
7.57 , 120
6.31 , 120
6.31 , 120
8.84 , 120
10.10 , 120
8.84 , 120
7.57 , 120
6.31 , 120
7.57 , 120
10.10 , 120
10.10 , 120
8.84 , 120
7.57 , 120
6.31 , 120
7.57 , 120
10.10 , 120
10.10 , 120
8.84 , 120
6.31 , 120
6.31 , 120
8.84 , 120
10.10 , 120
10.10 , 120
7.57 , 120
6.31 , 120
6.31 , 120
8.84 , 120
10.10 , 120
8.84 , 120
7.57 , 120
6.31 , 120
7.57 , 120
8.84 , 120
10.10 , 120
8.84 , 120
7.57 , 120
6.31 , 120
7.57 , 120
10.10 , 120
10.10 , 120
8.84 , 120
6.31 , 120
6.31 , 120
7.57 , 120
10.10 , 120
10.10 , 120
7.57 , 120
6.31 , 120
6.31 , 120
8.84 , 120
10.10 , 120
8.84 , 120
7.57 , 120
6.31 , 120
7.57 , 120
8.84 , 120
10.10 , 120
8.84 , 120
7.57 , 120
6.31 , 120
7.57 , 120
10.10 , 120
10.10 , 120
8.84 , 120
6.31 , 120
6.31 , 120
7.57 , 120
10.10 , 120
10.10 , 120
7.57 , 120
6.31 , 120
6.31 , 120
8.84 , 120
10.10 , 120
10.10 , 120
7.57 , 120
6.31 , 120
6.31 , 120
8.84 , 120
10.10 , 120
8.84 , 120
7.57 , 120
6.31 , 120
7.57 , 120
10.10 , 120
10.10 , 120
8.84 , 120
6.31 , 120
6.31 , 120
7.57 , 120
10.10 , 120
10.10 , 120
7.57 , 120
6.31 , 120
6.31 , 120
8.84 , 120
10.10 , 120
10.10 , 120
7.57 , 120
6.31 , 120
6.31 , 120
8.84 , 120
10.10 , 120
8.84 , 120
7.57 , 120
6.31 , 120
7.57 , 120
10.10 , 120
10.10 , 120
8.84 , 120
7.57 , 120
6.31 , 120
7.57 , 120
10.10 , 120
10.10 , 120
8.84 , 120
6.31 , 120
6.31 , 120
8.84 , 120
10.10 , 120
10.10 , 120
7.57 , 120
6.31 , 120
6.31 , 120
8.84 , 120
10.10 , 120
8.84 , 120
7.57 , 120
6.31 , 120
7.57 , 120
10.10 , 120
10.10 , 120
8.84 , 120
7.57 , 120
6.31 , 120
7.57 , 120
10.10 , 120
10.10 , 120
8.84 , 120
6.31 , 120
6.31 , 120
8.84 , 120
10.10 , 120
10.10 , 120
7.57 , 120
6.31 , 120
6.31 , 120
8.84 , 120
10.10 , 120
8.84 , 120
7.57 , 120
6.31 , 120
7.57 , 120
10.10 , 120
10.10 , 120
8.84 , 120
7.57 , 120
6.31 , 120
7.57 , 120
10.10 , 120
10.10 , 120
8.84 , 120
6.31 , 120
6.31 , 120
8.84 , 120
10.10 , 120
10.10 , 120
7.57 , 120
6.31 , 120
6.31 , 120
8.84 , 120
10.10 , 120
8.84 , 120
7.57 , 120
6.31 , 120
7.57 , 120
8.84 , 120
10.10 , 120
8.84 , 120
7.57 , 120
6.31 , 120
7.57 , 120
10.10 , 120
10.10 , 120
8.84 , 120
6.31 , 120
6.31 , 120
7.57 , 120
10.10 , 120
10.10 , 120
7.57 , 120
6.31 , 120
6.31 , 120
8.84 , 120
10.10 , 120
10.10 , 120
7.57 , 120
6.31 , 120
6.31 , 120
8.84 , 120
10.10 , 120
8.84 , 120
7.57 , 120
6.31 , 120
7.57 , 120
10.10 , 120
10.10 , 120
8.84 , 120
6.31 , 120
6.31 , 120
7.57 , 120
10.10 , 120
10.10 , 120
7.57 , 120
6.31 , 120
6.31 , 120
8.84 , 120
10.10 , 120
10.10 , 120
7.57 , 120
6.31 , 120
6.31 , 120
8.84 , 120
10.10 , 120
8.84 , 120
7.57 , 120
6.31 , 120
7.57 , 120
10.10 , 120
10.10 , 120
8.84 , 120
6.31 , 120
6.31 , 120
7.57 , 120
10.10 , 120
10.10 , 120
8.84 , 120
6.31 , 120
6.31 , 120
8.84 , 120
10.10 , 120
10.10 , 120
7.57 , 120
6.31 , 120
6.31 , 120
8.84 , 120
10.10 , 120
8.84 , 120
7.57 , 120
6.31 , 120
7.57 , 120
10.10 , 120
10.10 , 120
8.84 , 120
7.57 , 120
6.31 , 120
7.57 , 120
10.10 , 120
10.10 , 120
8.84 , 120
6.31 , 120
6.31 , 120
8.84 , 120
10.10 , 120
10.10 , 120
7.57 , 120
6.31 , 120
6.31 , 120
8.84 , 120
10.10 , 120
8.84 , 120
7.57 , 120
6.31 , 120
7.57 , 120
8.84 , 120
10.10 , 120
8.84 , 120
7.57 , 120
6.31 , 120
7.57 , 120
10.10 , 120
10.10 , 120
8.84 , 120
6.31 , 120
6.31 , 120
7.57 , 120
10.10 , 120
10.10 , 120
7.57 , 120
6.31 , 120
6.31 , 120
8.84 , 120
10.10 , 120
8.84 , 120
7.57 , 120
6.31 , 120
7.57 , 120
8.84 , 120
10.10 , 120
8.84 , 120
7.57 , 120
6.31 , 120
7.57 , 120
10.10 , 120
10.10 , 120
8.84 , 120
6.31 , 120
6.31 , 120
7.57 , 120
10.10 , 120
10.10 , 120
7.57 , 120
6.31 , 120
6.31 , 120
8.84 , 120
10.10 , 120
8.84 , 120
7.57 , 120
6.31 , 120
6.31 , 120
8.84 , 120
10.10 , 120
8.84 , 120
7.57 , 50
6.31 , 50
7.57 , 50
10.10 , 50
10.10 , 50
8.84 , 50
7.57 , 50
5.05 , 50
6.31 , 50
6.31 , 50
6.31 , 50
6.31 , 50
5.05 , 50
5.05 , 50
5.05 , 50
5.05 , 50
3.79 , 50
3.79 , 50
2.52 , 50
2.52 , 50
5.05 , 50
5.05 , 50
3.79 , 50
3.79 , 50
2.52 , 50
1.26 , 50
2.52 , 50
3.79 , 50
3.79 , 50
3.79 , 50
3.79 , 50
2.52 , 50
5.05 , 50
5.05 , 50
5.05 , 50
3.79 , 50
3.79 , 50
5.05 , 50
6.31 , 50
6.31 , 50
6.31 , 50
5.05 , 50
5.05 , 50
6.31 , 50
7.57 , 50
7.57 , 50
6.31 , 50
6.31 , 50
5.05 , 50
6.31 , 50
6.31 , 50
6.31 , 50
5.05 , 50
3.79 , 50
3.79 , 50
5.05 , 50
5.05 , 50
5.05 , 50
3.79 , 50
2.52 , 50
2.52 , 50
3.79 , 50
5.05 , 50
5.05 , 50
3.79 , 50
3.79 , 50
3.79 , 50
6.31 , 50
6.31 , 50
6.31 , 50
5.05 , 50
5.05 , 50
5.05 , 50
6.31 , 50
6.31 , 50
5.05 , 50
5.05 , 50
3.79 , 50
5.05 , 50
5.05 , 50
6.31 , 50
5.05 , 50
5.05 , 50
3.79 , 50
5.05 , 50
6.31 , 50
6.31 , 50
5.05 , 50
5.05 , 50
3.79 , 50
5.05 , 50
6.31 , 50
6.31 , 50
5.05 , 50
5.05 , 50
3.79 , 50
5.05 , 50
6.31 , 50
6.31 , 50
5.05 , 50
5.05 , 25
3.79 , 25
5.05 , 25
6.31 , 25
5.05 , 25
5.05 , 25
3.79 , 25
3.79 , 25
3.79 , 25
3.79 , 25
3.79 , 25
2.52 , 25
2.52 , 25
2.52 , 25
2.52 , 25
2.52 , 25
1.26 , 25
1.26 , 25
1.26 , 25
1.26 , 25
1.26 , 25
1.26 , 25
1.26 , 25
1.26 , 25
1.26 , 25
1.26 , 25
1.26 , 25
1.26 , 25
1.26 , 25
1.26 , 25
1.26 , 25
1.26 , 25
1.26 , 25
1.26 , 25
1.26 , 25
1.26 , 25
1.26 , 25
1.26 , 25
1.26 , 25
1.26 , 25
1.26 , 25
1.26 , 25
1.26 , 25
1.26 , 25
1.26 , 25
1.26 , 25
1.26 , 25
1.26 , 25
1.26 , 25
1.26 , 25
1.26 , 25
1.26 , 25
1.26 , 25
1.26 , 25
1.26 , 25
1.26 , 25
1.26 , 25
1.26 , 25
1.26 , 25
1.26 , 25
1.26 , 25
1.26 , 25
1.26 , 25
1.26 , 25
1.26 , 25
