0.00 , 0 , -999
0.00 , 0 , -998
0.00 , 0 , -997
0.00 , 0 , -996
0.00 , 0 , -995
0.00 , 0 , -994
0.00 , 0 , -993
0.00 , 0 , -992
0.00 , 0 , -991
0.00 , 0 , -990
0.00 , 0 , -989
0.00 , 0 , -988
0.00 , 0 , -987
0.00 , 0 , -986
0.00 , 0 , -985
0.00 , 0 , -984
0.00 , 0 , -983
0.00 , 0 , -982
0.00 , 0 , -981
0.00 , 0 , -980
0.00 , 0 , -979
0.00 , 0 , -978
0.00 , 0 , -977
0.00 , 0 , -976
0.00 , 0 , -975
0.00 , 0 , -974
0.00 , 0 , -973
0.00 , 0 , -972
0.00 , 0 , -971
0.00 , 0 , -970
0.00 , 0 , -969
0.00 , 0 , -968
0.00 , 0 , -967
0.00 , 0 , -966
0.00 , 0 , -965
0.00 , 0 , -964
0.00 , 0 , -963
0.00 , 0 , -962
0.00 , 0 , -961
0.00 , 0 , -960
0.00 , 0 , -959
0.00 , 0 , -958
0.00 , 0 , -957
0.00 , 0 , -956
0.00 , 0 , -955
0.00 , 0 , -954
0.00 , 0 , -953
0.00 , 0 , -952
0.00 , 0 , -951
0.00 , 0 , -950
0.00 , 0 , -949
0.00 , 0 , -948
0.00 , 0 , -947
0.00 , 0 , -946
0.00 , 0 , -945
0.00 , 0 , -944
0.00 , 0 , -943
0.00 , 0 , -942
0.00 , 0 , -941
0.00 , 0 , -940
0.00 , 0 , -939
0.00 , 0 , -938
0.00 , 0 , -937
0.00 , 0 , -936
0.00 , 0 , -935
0.00 , 0 , -934
0.00 , 0 , -933
0.00 , 0 , -932
0.00 , 0 , -931
0.00 , 0 , -930
0.00 , 0 , -929
0.00 , 0 , -928
0.00 , 0 , -927
0.00 , 0 , -926
0.00 , 0 , -925
0.00 , 0 , -924
0.00 , 0 , -923
0.00 , 0 , -922
0.00 , 0 , -921
0.00 , 0 , -920
0.00 , 0 , -919
0.00 , 0 , -918
0.00 , 0 , -917
0.00 , 0 , -916
0.00 , 0 , -915
0.00 , 0 , -914
0.00 , 0 , -913
0.00 , 0 , -912
0.00 , 0 , -911
0.00 , 0 , -910
0.00 , 0 , -909
0.00 , 0 , -908
0.00 , 0 , -907
0.00 , 0 , -906
0.00 , 0 , -905
0.00 , 0 , -904
0.00 , 0 , -903
0.00 , 0 , -902
0.00 , 0 , -901
0.00 , 0 , -900
0.00 , 0 , -899
0.00 , 0 , -898
0.00 , 0 , -897
0.00 , 0 , -896
0.00 , 0 , -895
0.00 , 0 , -894
0.00 , 0 , -893
0.00 , 0 , -892
0.00 , 0 , -891
0.00 , 0 , -890
0.00 , 0 , -889
0.00 , 0 , -888
0.00 , 0 , -887
0.00 , 0 , -886
0.00 , 0 , -885
0.00 , 0 , -884
0.00 , 0 , -883
0.00 , 0 , -882
0.00 , 0 , -881
0.00 , 0 , -880
0.00 , 0 , -879
0.00 , 0 , -878
0.00 , 0 , -877
0.00 , 0 , -876
0.00 , 0 , -875
0.00 , 0 , -874
0.00 , 0 , -873
0.00 , 0 , -872
0.00 , 0 , -871
0.00 , 0 , -870
0.00 , 0 , -869
0.00 , 0 , -868
0.00 , 0 , -867
0.00 , 0 , -866
0.00 , 0 , -865
0.00 , 0 , -864
0.00 , 0 , -863
0.00 , 0 , -862
0.00 , 0 , -861
0.00 , 0 , -860
0.00 , 0 , -859
0.00 , 0 , -858
0.00 , 0 , -857
0.00 , 0 , -856
0.00 , 0 , -855
0.00 , 0 , -854
0.00 , 0 , -853
0.00 , 0 , -852
0.00 , 0 , -851
0.00 , 0 , -850
0.00 , 0 , -849
0.00 , 0 , -848
0.00 , 0 , -847
0.00 , 0 , -846
0.00 , 0 , -845
0.00 , 0 , -844
0.00 , 0 , -843
0.00 , 0 , -842
0.00 , 0 , -841
0.00 , 0 , -840
0.00 , 0 , -839
0.00 , 0 , -838
0.00 , 0 , -837
0.00 , 0 , -836
0.00 , 0 , -835
0.00 , 0 , -834
0.00 , 0 , -833
0.00 , 0 , -832
0.00 , 0 , -831
0.00 , 0 , -830
0.00 , 0 , -829
0.00 , 0 , -828
0.00 , 0 , -827
0.00 , 0 , -826
0.00 , 0 , -825
0.00 , 0 , -824
0.00 , 0 , -823
0.00 , 0 , -822
0.00 , 0 , -821
0.00 , 0 , -820
0.00 , 0 , -819
0.00 , 0 , -818
0.00 , 0 , -817
0.00 , 0 , -816
0.00 , 0 , -815
0.00 , 0 , -814
0.00 , 0 , -813
0.00 , 0 , -812
0.00 , 0 , -811
0.00 , 0 , -810
0.00 , 0 , -809
0.00 , 0 , -808
0.00 , 0 , -807
0.00 , 0 , -806
0.00 , 0 , -805
0.00 , 0 , -804
0.00 , 0 , -803
0.00 , 0 , -802
0.00 , 0 , -801
0.00 , 0 , -800
0.00 , 0 , -799
0.00 , 0 , -798
0.00 , 0 , -797
0.00 , 0 , -796
0.00 , 0 , -795
0.00 , 0 , -794
0.00 , 0 , -793
0.00 , 0 , -792
0.00 , 0 , -791
0.00 , 0 , -790
0.00 , 0 , -789
0.00 , 0 , -788
0.00 , 0 , -787
0.00 , 0 , -786
0.00 , 0 , -785
0.00 , 0 , -784
0.00 , 0 , -783
0.00 , 0 , -782
0.00 , 0 , -781
0.00 , 0 , -780
0.00 , 0 , -779
0.00 , 0 , -778
0.00 , 0 , -777
0.00 , 0 , -776
0.00 , 0 , -775
0.00 , 0 , -774
0.00 , 0 , -773
0.00 , 0 , -772
0.00 , 0 , -771
0.00 , 0 , -770
0.00 , 0 , -769
0.00 , 0 , -768
0.00 , 0 , -767
0.00 , 0 , -766
0.00 , 0 , -765
0.00 , 0 , -764
0.00 , 0 , -763
0.00 , 0 , -762
0.00 , 0 , -761
0.00 , 0 , -760
0.00 , 0 , -759
0.00 , 0 , -758
0.00 , 0 , -757
0.00 , 0 , -756
0.00 , 0 , -755
0.00 , 0 , -754
0.00 , 0 , -753
0.00 , 0 , -752
0.00 , 0 , -751
0.00 , 0 , -750
0.00 , 0 , -749
0.00 , 0 , -748
0.00 , 0 , -747
0.00 , 0 , -746
0.00 , 0 , -745
0.00 , 0 , -744
0.00 , 0 , -743
0.00 , 0 , -742
0.00 , 0 , -741
0.00 , 0 , -740
0.00 , 0 , -739
0.00 , 0 , -738
0.00 , 0 , -737
0.00 , 0 , -736
0.00 , 0 , -735
0.00 , 0 , -734
0.00 , 0 , -733
0.00 , 0 , -732
0.00 , 0 , -731
0.00 , 0 , -730
0.00 , 0 , -729
0.00 , 0 , -728
0.00 , 0 , -727
0.00 , 0 , -726
0.00 , 0 , -725
0.00 , 0 , -724
0.00 , 0 , -723
0.00 , 0 , -722
0.00 , 0 , -721
0.00 , 0 , -720
0.00 , 0 , -719
0.00 , 0 , -718
0.00 , 0 , -717
0.00 , 0 , -716
0.00 , 0 , -715
0.00 , 0 , -714
0.00 , 0 , -713
0.00 , 0 , -712
0.00 , 0 , -711
0.00 , 0 , -710
0.00 , 0 , -709
0.00 , 0 , -708
0.00 , 0 , -707
0.00 , 0 , -706
0.00 , 0 , -705
0.00 , 0 , -704
0.00 , 0 , -703
0.00 , 0 , -702
0.00 , 0 , -701
0.00 , 0 , -700
0.00 , 0 , -699
0.00 , 0 , -698
0.00 , 0 , -697
0.00 , 0 , -696
0.00 , 0 , -695
0.00 , 0 , -694
0.00 , 0 , -693
0.00 , 0 , -692
0.00 , 0 , -691
0.00 , 0 , -690
0.00 , 0 , -689
0.00 , 0 , -688
0.00 , 0 , -687
0.00 , 0 , -686
0.00 , 0 , -685
0.00 , 0 , -684
0.00 , 0 , -683
0.00 , 0 , -682
0.00 , 0 , -681
0.00 , 0 , -680
0.00 , 0 , -679
0.00 , 0 , -678
0.00 , 0 , -677
0.00 , 0 , -676
0.00 , 0 , -675
0.00 , 0 , -674
0.00 , 0 , -673
0.00 , 0 , -672
0.00 , 0 , -671
0.00 , 0 , -670
0.00 , 0 , -669
0.00 , 0 , -668
0.00 , 0 , -667
0.00 , 0 , -666
0.00 , 0 , -665
0.00 , 0 , -664
0.00 , 0 , -663
0.00 , 0 , -662
0.00 , 0 , -661
0.00 , 0 , -660
0.00 , 0 , -659
0.00 , 0 , -658
0.00 , 0 , -657
0.00 , 0 , -656
0.00 , 0 , -655
0.00 , 0 , -654
0.00 , 0 , -653
0.00 , 0 , -652
0.00 , 0 , -651
0.00 , 0 , -650
0.00 , 0 , -649
0.00 , 0 , -648
0.00 , 0 , -647
0.00 , 0 , -646
0.00 , 0 , -645
0.00 , 0 , -644
0.00 , 0 , -643
0.00 , 0 , -642
0.00 , 0 , -641
0.00 , 0 , -640
0.00 , 0 , -639
0.00 , 0 , -638
0.00 , 0 , -637
0.00 , 0 , -636
0.00 , 0 , -635
0.00 , 0 , -634
0.00 , 0 , -633
0.00 , 0 , -632
0.00 , 0 , -631
0.00 , 0 , -630
0.00 , 0 , -629
0.00 , 0 , -628
0.00 , 0 , -627
0.00 , 0 , -626
0.00 , 0 , -625
0.00 , 0 , -624
0.00 , 0 , -623
0.00 , 0 , -622
0.00 , 0 , -621
0.00 , 0 , -620
0.00 , 0 , -619
0.00 , 0 , -618
0.00 , 0 , -617
0.00 , 0 , -616
0.00 , 0 , -615
0.00 , 0 , -614
0.00 , 0 , -613
0.00 , 0 , -612
0.00 , 0 , -611
0.00 , 0 , -610
0.00 , 0 , -609
0.00 , 0 , -608
0.00 , 0 , -607
0.00 , 0 , -606
0.00 , 0 , -605
0.00 , 0 , -604
0.00 , 0 , -603
0.00 , 0 , -602
0.00 , 0 , -601
0.00 , 0 , -600
0.00 , 0 , -599
0.00 , 0 , -598
0.00 , 0 , -597
0.00 , 0 , -596
0.00 , 0 , -595
0.00 , 0 , -594
0.00 , 0 , -593
0.00 , 0 , -592
0.00 , 0 , -591
0.00 , 0 , -590
0.00 , 0 , -589
0.00 , 0 , -588
0.00 , 0 , -587
0.00 , 0 , -586
0.00 , 0 , -585
0.00 , 0 , -584
0.00 , 0 , -583
0.00 , 0 , -582
0.00 , 0 , -581
0.00 , 0 , -580
0.00 , 0 , -579
0.00 , 0 , -578
0.00 , 0 , -577
0.00 , 0 , -576
0.00 , 0 , -575
0.00 , 0 , -574
0.00 , 0 , -573
0.00 , 0 , -572
0.00 , 0 , -571
0.00 , 0 , -570
0.00 , 0 , -569
0.00 , 0 , -568
0.00 , 0 , -567
0.00 , 0 , -566
0.00 , 0 , -565
0.00 , 0 , -564
0.00 , 0 , -563
0.00 , 0 , -562
0.00 , 0 , -561
0.00 , 0 , -560
0.00 , 0 , -559
0.00 , 0 , -558
0.00 , 0 , -557
0.00 , 0 , -556
0.00 , 0 , -555
0.00 , 0 , -554
0.00 , 0 , -553
0.00 , 0 , -552
0.00 , 0 , -551
0.00 , 0 , -550
0.00 , 0 , -549
0.00 , 0 , -548
0.00 , 0 , -547
0.00 , 0 , -546
0.00 , 0 , -545
0.00 , 0 , -544
0.00 , 0 , -543
0.00 , 0 , -542
0.00 , 0 , -541
0.00 , 0 , -540
0.00 , 0 , -539
0.00 , 0 , -538
0.00 , 0 , -537
0.00 , 0 , -536
0.00 , 0 , -535
0.00 , 0 , -534
0.00 , 0 , -533
0.00 , 0 , -532
0.00 , 0 , -531
0.00 , 0 , -530
0.00 , 0 , -529
0.00 , 0 , -528
0.00 , 0 , -527
0.00 , 0 , -526
0.00 , 0 , -525
0.00 , 0 , -524
0.00 , 0 , -523
0.00 , 0 , -522
0.00 , 0 , -521
0.00 , 0 , -520
0.00 , 0 , -519
0.00 , 0 , -518
0.00 , 0 , -517
0.00 , 0 , -516
0.00 , 0 , -515
0.00 , 0 , -514
0.00 , 0 , -513
0.00 , 0 , -512
0.00 , 0 , -511
0.00 , 0 , -510
0.00 , 0 , -509
0.00 , 0 , -508
0.00 , 0 , -507
0.00 , 0 , -506
0.00 , 0 , -505
0.00 , 0 , -504
0.00 , 0 , -503
0.00 , 0 , -502
0.00 , 0 , -501
0.00 , 0 , -500
0.00 , 0 , -499
0.00 , 0 , -498
0.00 , 0 , -497
0.00 , 0 , -496
0.00 , 0 , -495
0.00 , 0 , -494
0.00 , 0 , -493
0.00 , 0 , -492
0.00 , 0 , -491
0.00 , 0 , -490
0.00 , 0 , -489
0.00 , 0 , -488
0.00 , 0 , -487
0.00 , 0 , -486
0.00 , 0 , -485
0.00 , 0 , -484
0.00 , 0 , -483
0.00 , 0 , -482
0.00 , 0 , -481
0.00 , 0 , -480
0.00 , 0 , -479
0.00 , 0 , -478
0.00 , 0 , -477
0.00 , 0 , -476
0.00 , 0 , -475
0.00 , 0 , -474
0.00 , 0 , -473
0.00 , 0 , -472
0.00 , 0 , -471
0.00 , 0 , -470
0.00 , 0 , -469
0.00 , 0 , -468
0.00 , 0 , -467
0.00 , 0 , -466
0.00 , 0 , -465
0.00 , 0 , -464
0.00 , 0 , -463
0.00 , 0 , -462
0.00 , 0 , -461
0.00 , 0 , -460
0.00 , 0 , -459
0.00 , 0 , -458
0.00 , 0 , -457
0.00 , 0 , -456
0.00 , 0 , -455
0.00 , 0 , -454
0.00 , 0 , -453
0.00 , 0 , -452
0.00 , 0 , -451
0.00 , 0 , -450
0.00 , 0 , -449
0.00 , 0 , -448
0.00 , 0 , -447
0.00 , 0 , -446
0.00 , 0 , -445
0.00 , 0 , -444
0.00 , 0 , -443
0.00 , 0 , -442
0.00 , 0 , -441
0.00 , 0 , -440
0.00 , 0 , -439
0.00 , 0 , -438
0.00 , 0 , -437
0.00 , 0 , -436
0.00 , 0 , -435
0.00 , 0 , -434
0.00 , 0 , -433
0.00 , 0 , -432
0.00 , 0 , -431
0.00 , 0 , -430
0.00 , 0 , -429
0.00 , 0 , -428
0.00 , 0 , -427
0.00 , 0 , -426
0.00 , 0 , -425
0.00 , 0 , -424
0.00 , 0 , -423
0.00 , 0 , -422
0.00 , 0 , -421
0.00 , 0 , -420
0.00 , 0 , -419
0.00 , 0 , -418
0.00 , 0 , -417
0.00 , 0 , -416
0.00 , 0 , -415
0.00 , 0 , -414
0.00 , 0 , -413
0.00 , 0 , -412
0.00 , 0 , -411
0.00 , 0 , -410
0.00 , 0 , -409
0.00 , 0 , -408
0.00 , 0 , -407
0.00 , 0 , -406
0.00 , 0 , -405
0.00 , 0 , -404
0.00 , 0 , -403
0.00 , 0 , -402
0.00 , 0 , -401
0.00 , 0 , -400
0.00 , 0 , -399
0.00 , 0 , -398
0.00 , 0 , -397
0.00 , 0 , -396
0.00 , 0 , -395
0.00 , 0 , -394
0.00 , 0 , -393
0.00 , 0 , -392
0.00 , 0 , -391
0.00 , 0 , -390
0.00 , 0 , -389
0.00 , 0 , -388
0.00 , 0 , -387
0.00 , 0 , -386
0.00 , 0 , -385
0.00 , 0 , -384
0.00 , 0 , -383
0.00 , 0 , -382
0.00 , 0 , -381
0.00 , 0 , -380
0.00 , 0 , -379
0.00 , 0 , -378
0.00 , 0 , -377
0.00 , 0 , -376
0.00 , 0 , -375
0.00 , 0 , -374
0.00 , 0 , -373
0.00 , 0 , -372
0.00 , 0 , -371
0.00 , 0 , -370
0.00 , 0 , -369
0.00 , 0 , -368
0.00 , 0 , -367
0.00 , 0 , -366
0.00 , 0 , -365
0.00 , 0 , -364
0.00 , 0 , -363
0.00 , 0 , -362
0.00 , 0 , -361
0.00 , 0 , -360
0.00 , 0 , -359
0.00 , 0 , -358
0.00 , 0 , -357
0.00 , 0 , -356
0.00 , 0 , -355
0.00 , 0 , -354
0.00 , 0 , -353
0.00 , 0 , -352
0.00 , 0 , -351
0.00 , 0 , -350
0.00 , 0 , -349
0.00 , 0 , -348
0.00 , 0 , -347
0.00 , 0 , -346
0.00 , 0 , -345
0.00 , 0 , -344
0.00 , 0 , -343
0.00 , 0 , -342
0.00 , 0 , -341
0.00 , 0 , -340
0.00 , 0 , -339
0.00 , 0 , -338
0.00 , 0 , -337
0.00 , 0 , -336
0.00 , 0 , -335
0.00 , 0 , -334
0.00 , 0 , -333
0.00 , 0 , -332
0.00 , 0 , -331
0.00 , 0 , -330
0.00 , 0 , -329
0.00 , 0 , -328
0.00 , 0 , -327
0.00 , 0 , -326
0.00 , 0 , -325
0.00 , 0 , -324
0.00 , 0 , -323
0.00 , 0 , -322
0.00 , 0 , -321
0.00 , 0 , -320
0.00 , 0 , -319
0.00 , 0 , -318
0.00 , 0 , -317
0.00 , 0 , -316
0.00 , 0 , -315
0.00 , 0 , -314
0.00 , 0 , -313
0.00 , 0 , -312
0.00 , 0 , -311
0.00 , 0 , -310
0.00 , 0 , -309
0.00 , 0 , -308
0.00 , 0 , -307
0.00 , 0 , -306
0.00 , 0 , -305
0.00 , 0 , -304
0.00 , 0 , -303
0.00 , 0 , -302
0.00 , 0 , -301
0.00 , 0 , -300
0.00 , 0 , -299
0.00 , 0 , -298
0.00 , 0 , -297
0.00 , 0 , -296
0.00 , 0 , -295
0.00 , 0 , -294
0.00 , 0 , -293
0.00 , 0 , -292
0.00 , 0 , -291
0.00 , 0 , -290
0.00 , 0 , -289
0.00 , 0 , -288
0.00 , 0 , -287
0.00 , 0 , -286
0.00 , 0 , -285
0.00 , 0 , -284
0.00 , 0 , -283
0.00 , 0 , -282
0.00 , 0 , -281
0.00 , 0 , -280
0.00 , 0 , -279
0.00 , 0 , -278
0.00 , 0 , -277
0.00 , 0 , -276
0.00 , 0 , -275
0.00 , 0 , -274
0.00 , 0 , -273
0.00 , 0 , -272
0.00 , 0 , -271
0.00 , 0 , -270
0.00 , 0 , -269
0.00 , 0 , -268
0.00 , 0 , -267
0.00 , 0 , -266
0.00 , 0 , -265
0.00 , 0 , -264
0.00 , 0 , -263
0.00 , 0 , -262
0.00 , 0 , -261
0.00 , 0 , -260
0.00 , 0 , -259
0.00 , 0 , -258
0.00 , 0 , -257
0.00 , 0 , -256
0.00 , 0 , -255
0.00 , 0 , -254
0.00 , 0 , -253
0.00 , 0 , -252
0.00 , 0 , -251
0.00 , 0 , -250
0.00 , 0 , -249
0.00 , 0 , -248
0.00 , 0 , -247
0.00 , 0 , -246
0.00 , 0 , -245
0.00 , 0 , -244
0.00 , 0 , -243
0.00 , 0 , -242
0.00 , 0 , -241
0.00 , 0 , -240
0.00 , 0 , -239
0.00 , 0 , -238
0.00 , 0 , -237
0.00 , 0 , -236
0.00 , 0 , -235
0.00 , 0 , -234
0.00 , 0 , -233
0.00 , 0 , -232
0.00 , 0 , -231
0.00 , 0 , -230
0.00 , 0 , -229
0.00 , 0 , -228
0.00 , 0 , -227
0.00 , 0 , -226
0.00 , 0 , -225
0.00 , 0 , -224
0.00 , 0 , -223
0.00 , 0 , -222
0.00 , 0 , -221
0.00 , 0 , -220
0.00 , 0 , -219
0.00 , 0 , -218
0.00 , 0 , -217
0.00 , 0 , -216
0.00 , 0 , -215
0.00 , 0 , -214
0.00 , 0 , -213
0.00 , 0 , -212
0.00 , 0 , -211
0.00 , 0 , -210
0.00 , 0 , -209
0.00 , 0 , -208
0.00 , 0 , -207
0.00 , 0 , -206
0.00 , 0 , -205
0.00 , 0 , -204
0.00 , 0 , -203
0.00 , 0 , -202
0.00 , 0 , -201
0.00 , 0 , -200
0.00 , 0 , -199
0.00 , 0 , -198
0.00 , 0 , -197
0.00 , 0 , -196
0.00 , 0 , -195
0.00 , 0 , -194
0.00 , 0 , -193
0.00 , 0 , -192
0.00 , 0 , -191
0.00 , 0 , -190
0.00 , 0 , -189
0.00 , 0 , -188
0.00 , 0 , -187
0.00 , 0 , -186
0.00 , 0 , -185
0.00 , 0 , -184
0.00 , 0 , -183
0.00 , 0 , -182
0.00 , 0 , -181
0.00 , 0 , -180
0.00 , 0 , -179
0.00 , 0 , -178
0.00 , 0 , -177
0.00 , 0 , -176
0.00 , 0 , -175
0.00 , 0 , -174
0.00 , 0 , -173
0.00 , 0 , -172
0.00 , 0 , -171
0.00 , 0 , -170
0.00 , 0 , -169
0.00 , 0 , -168
0.00 , 0 , -167
0.00 , 0 , -166
0.00 , 0 , -165
0.00 , 0 , -164
0.00 , 0 , -163
0.00 , 0 , -162
0.00 , 0 , -161
0.00 , 0 , -160
0.00 , 0 , -159
0.00 , 0 , -158
0.00 , 0 , -157
0.00 , 0 , -156
0.00 , 0 , -155
0.00 , 0 , -154
0.00 , 0 , -153
0.00 , 0 , -152
0.00 , 0 , -151
0.00 , 0 , -150
0.00 , 0 , -149
0.00 , 0 , -148
0.00 , 0 , -147
0.00 , 0 , -146
0.00 , 0 , -145
0.00 , 0 , -144
0.00 , 0 , -143
0.00 , 0 , -142
0.00 , 0 , -141
0.00 , 0 , -140
0.00 , 0 , -139
0.00 , 0 , -138
0.00 , 0 , -137
0.00 , 0 , -136
0.00 , 0 , -135
0.00 , 0 , -134
0.00 , 0 , -133
0.00 , 0 , -132
0.00 , 0 , -131
0.00 , 0 , -130
0.00 , 0 , -129
0.00 , 0 , -128
0.00 , 0 , -127
0.00 , 0 , -126
0.00 , 0 , -125
0.00 , 0 , -124
0.00 , 0 , -123
0.00 , 0 , -122
0.00 , 0 , -121
0.00 , 0 , -120
0.00 , 0 , -119
0.00 , 0 , -118
0.00 , 0 , -117
0.00 , 0 , -116
0.00 , 0 , -115
0.00 , 0 , -114
0.00 , 0 , -113
0.00 , 0 , -112
0.00 , 0 , -111
0.00 , 0 , -110
0.00 , 0 , -109
0.00 , 0 , -108
0.00 , 0 , -107
0.00 , 0 , -106
0.00 , 0 , -105
0.00 , 0 , -104
0.00 , 0 , -103
0.00 , 0 , -102
0.00 , 0 , -101
0.00 , 0 , -100
0.00 , 0 , -99
0.00 , 0 , -98
0.00 , 0 , -97
0.00 , 0 , -96
0.00 , 0 , -95
0.00 , 0 , -94
0.00 , 0 , -93
0.00 , 0 , -92
0.00 , 0 , -91
0.00 , 0 , -90
0.00 , 0 , -89
0.00 , 0 , -88
0.00 , 0 , -87
0.00 , 0 , -86
0.00 , 0 , -85
0.00 , 0 , -84
0.00 , 0 , -83
0.00 , 0 , -82
0.00 , 0 , -81
0.00 , 0 , -80
0.00 , 0 , -79
0.00 , 0 , -78
0.00 , 0 , -77
0.00 , 0 , -76
0.00 , 0 , -75
0.00 , 0 , -74
0.00 , 0 , -73
0.00 , 0 , -72
0.00 , 0 , -71
0.00 , 0 , -70
0.00 , 0 , -69
0.00 , 0 , -68
0.00 , 0 , -67
0.00 , 0 , -66
0.00 , 0 , -65
0.00 , 0 , -64
0.00 , 0 , -63
0.00 , 0 , -62
0.00 , 0 , -61
0.00 , 0 , -60
0.00 , 0 , -59
0.00 , 0 , -58
0.00 , 0 , -57
0.00 , 0 , -56
0.00 , 0 , -55
0.00 , 0 , -54
0.00 , 0 , -53
0.00 , 0 , -52
0.00 , 0 , -51
0.00 , 0 , -50
0.00 , 0 , -49
0.00 , 0 , -48
0.00 , 0 , -47
0.00 , 0 , -46
0.00 , 0 , -45
0.00 , 0 , -44
0.00 , 0 , -43
0.00 , 0 , -42
0.00 , 0 , -41
0.00 , 0 , -40
0.00 , 0 , -39
0.00 , 0 , -38
0.00 , 0 , -37
0.00 , 0 , -36
0.00 , 0 , -35
0.00 , 0 , -34
0.00 , 0 , -33
0.00 , 0 , -32
0.00 , 0 , -31
0.00 , 0 , -30
0.00 , 0 , -29
0.00 , 0 , -28
0.00 , 0 , -27
0.00 , 0 , -26
0.00 , 0 , -25
0.00 , 0 , -24
0.00 , 0 , -23
0.00 , 0 , -22
0.00 , 0 , -21
0.00 , 0 , -20
0.00 , 0 , -19
0.00 , 0 , -18
0.00 , 0 , -17
0.00 , 0 , -16
0.00 , 0 , -15
0.00 , 0 , -14
0.00 , 0 , -13
0.00 , 0 , -12
0.00 , 0 , -11
0.00 , 0 , -10
0.00 , 0 , -9
0.00 , 0 , -8
0.00 , 0 , -7
0.00 , 0 , -6
0.00 , 0 , -5
0.00 , 0 , -4
0.00 , 0 , -3
0.00 , 0 , -2
0.00 , 0 , -1
0.00 , 0 , 0
0.00 , 0 , 1
0.00 , 250 , 2
0.00 , 250 , 3
0.00 , 250 , 4
0.00 , 250 , 5
1.26 , 250 , 6
2.52 , 250 , 7
3.79 , 250 , 8
5.05 , 250 , 9
6.31 , 250 , 10
7.57 , 250 , 11
7.57 , 250 , 12
7.57 , 250 , 13
7.57 , 250 , 14
7.57 , 250 , 15
7.57 , 250 , 16
7.57 , 250 , 17
7.57 , 250 , 18
7.57 , 250 , 19
7.57 , 250 , 20
7.57 , 250 , 21
7.57 , 250 , 22
7.57 , 250 , 23
7.57 , 250 , 24
7.57 , 250 , 25
8.84 , 250 , 26
8.84 , 250 , 27
8.84 , 250 , 28
10.10 , 250 , 29
10.10 , 250 , 30
11.36 , 250 , 31
11.36 , 250 , 32
11.36 , 250 , 33
12.62 , 250 , 34
12.62 , 250 , 35
12.62 , 250 , 36
12.62 , 250 , 37
12.62 , 250 , 38
12.62 , 250 , 39
12.62 , 250 , 40
12.62 , 250 , 41
13.88 , 250 , 42
13.88 , 250 , 43
15.15 , 250 , 44
15.15 , 250 , 45
15.15 , 250 , 46
15.15 , 250 , 47
15.15 , 250 , 48
15.15 , 250 , 49
16.41 , 250 , 50
16.41 , 0 , 51
16.41 , 0 , 52
17.67 , 0 , 53
17.67 , 0 , 54
16.41 , 0 , 55
16.41 , 0 , 56
16.41 , 0 , 57
15.15 , 0 , 58
15.15 , 0 , 59
15.15 , 0 , 60
13.88 , 0 , 61
13.88 , 0 , 62
13.88 , 0 , 63
13.88 , 0 , 64
12.62 , 0 , 65
12.62 , 0 , 66
12.62 , 0 , 67
12.62 , 0 , 68
11.36 , 0 , 69
11.36 , 0 , 70
11.36 , 0 , 71
11.36 , 0 , 72
11.36 , 0 , 73
11.36 , 0 , 74
11.36 , 0 , 75
11.36 , 0 , 76
11.36 , 0 , 77
11.36 , 0 , 78
11.36 , 0 , 79
11.36 , 0 , 80
11.36 , 0 , 81
11.36 , 0 , 82
11.36 , 0 , 83
11.36 , 0 , 84
11.36 , 0 , 85
11.36 , 0 , 86
11.36 , 0 , 87
11.36 , 0 , 88
11.36 , 0 , 89
11.36 , 0 , 90
11.36 , 0 , 91
11.36 , 0 , 92
11.36 , 0 , 93
11.36 , 0 , 94
11.36 , 0 , 95
11.36 , 0 , 96
11.36 , 0 , 97
10.10 , 0 , 98
10.10 , 0 , 99
10.10 , 0 , 100
8.84 , 0 , 101
8.84 , 0 , 102
7.57 , 0 , 103
7.57 , 0 , 104
6.31 , 0 , 105
6.31 , 0 , 106
5.05 , 0 , 107
5.05 , 0 , 108
3.79 , 0 , 109
3.79 , 0 , 110
2.52 , 0 , 111
2.52 , 0 , 112
2.52 , 0 , 113
1.26 , 0 , 114
1.26 , 0 , 115
0.00 , 0 , 116
0.00 , 0 , 117
0.00 , 0 , 118
-1.26 , 0 , 119
-1.26 , 0 , 120
-1.26 , 0 , 121
-2.52 , 0 , 122
-2.52 , 0 , 123
-2.52 , 0 , 124
-3.79 , 0 , 125
-3.79 , 0 , 126
-3.79 , 0 , 127
-3.79 , 0 , 128
-3.79 , 0 , 129
-3.79 , 0 , 130
-3.79 , 0 , 131
-3.79 , 0 , 132
-3.79 , 0 , 133
-2.52 , 0 , 134
-2.52 , 0 , 135
-2.52 , 0 , 136
-2.52 , 0 , 137
-2.52 , 0 , 138
-2.52 , 0 , 139
-2.52 , 0 , 140
-2.52 , 0 , 141
-2.52 , 0 , 142
-2.52 , 0 , 143
-2.52 , 0 , 144
-1.26 , 0 , 145
-1.26 , 0 , 146
-1.26 , 0 , 147
-1.26 , 0 , 148
-1.26 , 0 , 149
-1.26 , 0 , 150
0.00 , 0 , 151
0.00 , 0 , 152
0.00 , 0 , 153
0.00 , 0 , 154
0.00 , 0 , 155
0.00 , 0 , 156
0.00 , 0 , 157
0.00 , 0 , 158
0.00 , 0 , 159
0.00 , 0 , 160
0.00 , 0 , 161
0.00 , 0 , 162
0.00 , 0 , 163
0.00 , 0 , 164
0.00 , 0 , 165
0.00 , 0 , 166
-1.26 , 0 , 167
-1.26 , 0 , 168
-1.26 , 0 , 169
-1.26 , 0 , 170
-1.26 , 0 , 171
-1.26 , 0 , 172
-1.26 , 0 , 173
-1.26 , 0 , 174
-1.26 , 0 , 175
-1.26 , 0 , 176
-1.26 , 0 , 177
-1.26 , 0 , 178
-1.26 , 0 , 179
-1.26 , 0 , 180
-1.26 , 0 , 181
-1.26 , 0 , 182
-1.26 , 0 , 183
-1.26 , 0 , 184
-1.26 , 0 , 185
-1.26 , 0 , 186
-1.26 , 0 , 187
-1.26 , 0 , 188
-1.26 , 0 , 189
-1.26 , 0 , 190
-1.26 , 0 , 191
-1.26 , 0 , 192
-1.26 , 0 , 193
-1.26 , 0 , 194
-1.26 , 0 , 195
-1.26 , 0 , 196
-1.26 , 0 , 197
-1.26 , 0 , 198
-1.26 , 0 , 199
-1.26 , 0 , 200
-1.26 , 230 , 201
-1.26 , 230 , 202
-1.26 , 230 , 203
0.00 , 230 , 204
1.26 , 230 , 205
2.52 , 230 , 206
5.05 , 230 , 207
6.31 , 230 , 208
7.57 , 230 , 209
7.57 , 230 , 210
7.57 , 230 , 211
7.57 , 230 , 212
7.57 , 230 , 213
7.57 , 230 , 214
7.57 , 230 , 215
7.57 , 230 , 216
7.57 , 230 , 217
6.31 , 230 , 218
6.31 , 230 , 219
6.31 , 230 , 220
6.31 , 230 , 221
7.57 , 230 , 222
7.57 , 230 , 223
7.57 , 230 , 224
7.57 , 230 , 225
8.84 , 230 , 226
8.84 , 230 , 227
10.10 , 230 , 228
10.10 , 230 , 229
10.10 , 230 , 230
10.10 , 230 , 231
10.10 , 230 , 232
11.36 , 230 , 233
11.36 , 230 , 234
12.62 , 230 , 235
12.62 , 230 , 236
12.62 , 230 , 237
12.62 , 230 , 238
12.62 , 230 , 239
12.62 , 230 , 240
11.36 , 230 , 241
11.36 , 230 , 242
12.62 , 230 , 243
12.62 , 230 , 244
13.88 , 230 , 245
13.88 , 230 , 246
13.88 , 230 , 247
15.15 , 230 , 248
15.15 , 230 , 249
15.15 , 230 , 250
15.15 , 230 , 251
15.15 , 230 , 252
15.15 , 230 , 253
15.15 , 230 , 254
15.15 , 230 , 255
16.41 , 230 , 256
16.41 , 230 , 257
17.67 , 230 , 258
17.67 , 230 , 259
17.67 , 230 , 260
17.67 , 230 , 261
17.67 , 230 , 262
17.67 , 230 , 263
17.67 , 230 , 264
17.67 , 230 , 265
18.93 , 230 , 266
20.19 , 230 , 267
20.19 , 230 , 268
20.19 , 230 , 269
21.46 , 230 , 270
21.46 , 230 , 271
21.46 , 230 , 272
21.46 , 230 , 273
21.46 , 230 , 274
21.46 , 230 , 275
21.46 , 230 , 276
22.72 , 230 , 277
22.72 , 230 , 278
23.98 , 230 , 279
23.98 , 230 , 280
25.24 , 230 , 281
25.24 , 230 , 282
25.24 , 230 , 283
25.24 , 230 , 284
26.51 , 230 , 285
26.51 , 230 , 286
26.51 , 230 , 287
26.51 , 230 , 288
27.77 , 230 , 289
27.77 , 230 , 290
29.03 , 230 , 291
30.29 , 230 , 292
30.29 , 230 , 293
30.29 , 230 , 294
30.29 , 230 , 295
30.29 , 230 , 296
30.29 , 230 , 297
30.29 , 230 , 298
31.55 , 230 , 299
31.55 , 230 , 300
32.82 , 0 , 301
32.82 , 0 , 302
34.08 , 0 , 303
34.08 , 0 , 304
34.08 , 0 , 305
32.82 , 0 , 306
32.82 , 0 , 307
32.82 , 0 , 308
31.55 , 0 , 309
31.55 , 0 , 310
31.55 , 0 , 311
30.29 , 0 , 312
30.29 , 0 , 313
30.29 , 0 , 314
30.29 , 0 , 315
29.03 , 0 , 316
29.03 , 0 , 317
29.03 , 0 , 318
29.03 , 0 , 319
29.03 , 0 , 320
29.03 , 0 , 321
29.03 , 0 , 322
29.03 , 0 , 323
29.03 , 0 , 324
29.03 , 0 , 325
29.03 , 0 , 326
29.03 , 0 , 327
29.03 , 0 , 328
30.29 , 0 , 329
30.29 , 0 , 330
30.29 , 0 , 331
30.29 , 0 , 332
30.29 , 0 , 333
30.29 , 0 , 334
30.29 , 0 , 335
30.29 , 0 , 336
30.29 , 0 , 337
30.29 , 0 , 338
30.29 , 0 , 339
30.29 , 0 , 340
30.29 , 0 , 341
30.29 , 0 , 342
30.29 , 0 , 343
30.29 , 0 , 344
30.29 , 0 , 345
30.29 , 0 , 346
30.29 , 0 , 347
30.29 , 0 , 348
30.29 , 0 , 349
30.29 , 0 , 350
30.29 , 0 , 351
30.29 , 0 , 352
30.29 , 0 , 353
30.29 , 0 , 354
29.03 , 0 , 355
29.03 , 0 , 356
29.03 , 0 , 357
27.77 , 0 , 358
27.77 , 0 , 359
27.77 , 0 , 360
26.51 , 0 , 361
26.51 , 0 , 362
26.51 , 0 , 363
25.24 , 0 , 364
25.24 , 0 , 365
23.98 , 0 , 366
23.98 , 0 , 367
23.98 , 0 , 368
22.72 , 0 , 369
22.72 , 0 , 370
21.46 , 0 , 371
21.46 , 0 , 372
21.46 , 0 , 373
20.19 , 0 , 374
20.19 , 0 , 375
20.19 , 0 , 376
18.93 , 0 , 377
18.93 , 0 , 378
17.67 , 0 , 379
17.67 , 0 , 380
16.41 , 0 , 381
16.41 , 0 , 382
15.15 , 0 , 383
15.15 , 0 , 384
13.88 , 0 , 385
13.88 , 0 , 386
12.62 , 0 , 387
12.62 , 0 , 388
11.36 , 0 , 389
11.36 , 0 , 390
11.36 , 0 , 391
10.10 , 0 , 392
10.10 , 0 , 393
8.84 , 0 , 394
8.84 , 0 , 395
7.57 , 0 , 396
6.31 , 0 , 397
6.31 , 0 , 398
5.05 , 0 , 399
5.05 , 0 , 400
3.79 , 0 , 401
2.52 , 0 , 402
2.52 , 0 , 403
1.26 , 0 , 404
0.00 , 0 , 405
0.00 , 0 , 406
-1.26 , 0 , 407
-2.52 , 0 , 408
-2.52 , 0 , 409
-3.79 , 0 , 410
-3.79 , 0 , 411
-5.05 , 0 , 412
-6.31 , 0 , 413
-6.31 , 0 , 414
-7.57 , 0 , 415
-7.57 , 0 , 416
-8.84 , 0 , 417
-8.84 , 0 , 418
-8.84 , 0 , 419
-8.84 , 0 , 420
-8.84 , 0 , 421
-8.84 , 0 , 422
-8.84 , 0 , 423
-8.84 , 0 , 424
-8.84 , 0 , 425
-8.84 , 0 , 426
-8.84 , 0 , 427
-8.84 , 0 , 428
-8.84 , 0 , 429
-8.84 , 0 , 430
-8.84 , 0 , 431
-8.84 , 0 , 432
-8.84 , 0 , 433
-7.57 , 0 , 434
-7.57 , 0 , 435
-7.57 , 0 , 436
-7.57 , 0 , 437
-7.57 , 0 , 438
-6.31 , 0 , 439
-6.31 , 0 , 440
-6.31 , 0 , 441
-6.31 , 0 , 442
-5.05 , 0 , 443
-5.05 , 0 , 444
-5.05 , 0 , 445
-3.79 , 0 , 446
-3.79 , 0 , 447
-3.79 , 0 , 448
-3.79 , 0 , 449
-2.52 , 0 , 450
-2.52 , 250 , 451
-2.52 , 250 , 452
-1.26 , 250 , 453
0.00 , 250 , 454
1.26 , 250 , 455
2.52 , 250 , 456
5.05 , 250 , 457
6.31 , 250 , 458
7.57 , 250 , 459
6.31 , 250 , 460
6.31 , 250 , 461
6.31 , 250 , 462
7.57 , 250 , 463
7.57 , 250 , 464
7.57 , 250 , 465
7.57 , 250 , 466
7.57 , 250 , 467
7.57 , 250 , 468
7.57 , 250 , 469
7.57 , 250 , 470
7.57 , 250 , 471
7.57 , 250 , 472
7.57 , 250 , 473
7.57 , 250 , 474
7.57 , 250 , 475
8.84 , 250 , 476
8.84 , 250 , 477
10.10 , 250 , 478
10.10 , 250 , 479
10.10 , 250 , 480
11.36 , 250 , 481
11.36 , 250 , 482
11.36 , 250 , 483
11.36 , 250 , 484
11.36 , 250 , 485
11.36 , 250 , 486
12.62 , 250 , 487
12.62 , 250 , 488
13.88 , 250 , 489
13.88 , 250 , 490
13.88 , 250 , 491
13.88 , 250 , 492
15.15 , 250 , 493
15.15 , 250 , 494
15.15 , 250 , 495
15.15 , 250 , 496
15.15 , 250 , 497
15.15 , 250 , 498
16.41 , 250 , 499
16.41 , 250 , 500
17.67 , 250 , 501
17.67 , 250 , 502
17.67 , 250 , 503
17.67 , 250 , 504
17.67 , 250 , 505
18.93 , 250 , 506
18.93 , 250 , 507
18.93 , 250 , 508
20.19 , 250 , 509
20.19 , 250 , 510
20.19 , 0 , 511
20.19 , 0 , 512
21.46 , 0 , 513
21.46 , 0 , 514
21.46 , 0 , 515
20.19 , 0 , 516
20.19 , 0 , 517
20.19 , 0 , 518
20.19 , 0 , 519
18.93 , 0 , 520
18.93 , 0 , 521
18.93 , 0 , 522
18.93 , 0 , 523
17.67 , 0 , 524
17.67 , 0 , 525
17.67 , 0 , 526
17.67 , 0 , 527
17.67 , 0 , 528
17.67 , 0 , 529
16.41 , 0 , 530
16.41 , 0 , 531
16.41 , 0 , 532
16.41 , 0 , 533
16.41 , 0 , 534
16.41 , 0 , 535
16.41 , 0 , 536
16.41 , 0 , 537
16.41 , 0 , 538
16.41 , 0 , 539
16.41 , 0 , 540
16.41 , 0 , 541
16.41 , 0 , 542
16.41 , 0 , 543
16.41 , 0 , 544
16.41 , 0 , 545
16.41 , 0 , 546
16.41 , 0 , 547
16.41 , 0 , 548
16.41 , 0 , 549
16.41 , 0 , 550
16.41 , 0 , 551
16.41 , 0 , 552
16.41 , 0 , 553
16.41 , 0 , 554
16.41 , 0 , 555
16.41 , 0 , 556
16.41 , 0 , 557
15.15 , 0 , 558
15.15 , 0 , 559
15.15 , 0 , 560
13.88 , 0 , 561
13.88 , 0 , 562
12.62 , 0 , 563
12.62 , 0 , 564
12.62 , 0 , 565
11.36 , 0 , 566
11.36 , 0 , 567
10.10 , 0 , 568
10.10 , 0 , 569
8.84 , 0 , 570
8.84 , 0 , 571
8.84 , 0 , 572
7.57 , 0 , 573
7.57 , 0 , 574
7.57 , 0 , 575
6.31 , 0 , 576
6.31 , 0 , 577
5.05 , 0 , 578
5.05 , 0 , 579
3.79 , 0 , 580
3.79 , 0 , 581
2.52 , 0 , 582
2.52 , 0 , 583
1.26 , 0 , 584
1.26 , 0 , 585
0.00 , 0 , 586
0.00 , 0 , 587
-1.26 , 0 , 588
-1.26 , 0 , 589
-2.52 , 0 , 590
-2.52 , 0 , 591
-3.79 , 0 , 592
-3.79 , 0 , 593
-5.05 , 0 , 594
-5.05 , 0 , 595
-5.05 , 0 , 596
-6.31 , 0 , 597
-6.31 , 0 , 598
-7.57 , 0 , 599
-7.57 , 0 , 600
-7.57 , 0 , 601
-7.57 , 0 , 602
-7.57 , 0 , 603
-7.57 , 0 , 604
-7.57 , 0 , 605
-7.57 , 0 , 606
-7.57 , 0 , 607
-7.57 , 0 , 608
-7.57 , 0 , 609
-6.31 , 0 , 610
-6.31 , 0 , 611
-6.31 , 0 , 612
-6.31 , 0 , 613
-6.31 , 0 , 614
-6.31 , 0 , 615
-6.31 , 0 , 616
-6.31 , 0 , 617
-6.31 , 0 , 618
-6.31 , 0 , 619
-6.31 , 0 , 620
-5.05 , 0 , 621
-5.05 , 0 , 622
-5.05 , 0 , 623
-5.05 , 0 , 624
-5.05 , 0 , 625
-5.05 , 0 , 626
-3.79 , 0 , 627
-3.79 , 0 , 628
-3.79 , 0 , 629
-3.79 , 0 , 630
-3.79 , 0 , 631
-3.79 , 0 , 632
-3.79 , 0 , 633
-3.79 , 0 , 634
-3.79 , 0 , 635
-3.79 , 0 , 636
-3.79 , 0 , 637
-3.79 , 0 , 638
-3.79 , 0 , 639
-3.79 , 0 , 640
-3.79 , 0 , 641
-3.79 , 0 , 642
-3.79 , 0 , 643
-3.79 , 0 , 644
-3.79 , 0 , 645
-3.79 , 0 , 646
-3.79 , 0 , 647
-3.79 , 0 , 648
-5.05 , 0 , 649
-5.05 , 0 , 650
-5.05 , 0 , 651
-5.05 , 0 , 652
-5.05 , 0 , 653
-5.05 , 0 , 654
-5.05 , 0 , 655
-5.05 , 0 , 656
-5.05 , 0 , 657
-5.05 , 0 , 658
-5.05 , 0 , 659
-5.05 , 0 , 660
-5.05 , 0 , 661
-5.05 , 0 , 662
-5.05 , 0 , 663
-5.05 , 0 , 664
-5.05 , 0 , 665
-5.05 , 0 , 666
-5.05 , 0 , 667
-5.05 , 0 , 668
-5.05 , 0 , 669
-5.05 , 0 , 670
-5.05 , 0 , 671
-5.05 , 0 , 672
-5.05 , 0 , 673
-5.05 , 0 , 674
-5.05 , 0 , 675
-5.05 , 0 , 676
-5.05 , 0 , 677
-5.05 , 0 , 678
-5.05 , 0 , 679
-5.05 , 0 , 680
-5.05 , 0 , 681
-5.05 , 0 , 682
-5.05 , 0 , 683
-5.05 , 0 , 684
-5.05 , 0 , 685
-5.05 , 0 , 686
-5.05 , 0 , 687
-5.05 , 0 , 688
-5.05 , 0 , 689
-5.05 , 0 , 690
-5.05 , 0 , 691
-5.05 , 0 , 692
-5.05 , 0 , 693
-5.05 , 0 , 694
-5.05 , 0 , 695
-5.05 , 0 , 696
-5.05 , 0 , 697
-5.05 , 0 , 698
-5.05 , 0 , 699
-5.05 , 0 , 700
-5.05 , 255 , 701
-5.05 , 255 , 702
-5.05 , 255 , 703
-5.05 , 255 , 704
-5.05 , 255 , 705
-5.05 , 255 , 706
-5.05 , 255 , 707
-5.05 , 255 , 708
-5.05 , 255 , 709
-5.05 , 255 , 710
-5.05 , 255 , 711
-5.05 , 255 , 712
-5.05 , 255 , 713
-5.05 , 255 , 714
-5.05 , 255 , 715
-5.05 , 255 , 716
-5.05 , 255 , 717
-5.05 , 255 , 718
-5.05 , 255 , 719
-5.05 , 255 , 720
-5.05 , 255 , 721
-5.05 , 255 , 722
-5.05 , 255 , 723
-5.05 , 255 , 724
-5.05 , 255 , 725
-5.05 , 255 , 726
-5.05 , 255 , 727
-5.05 , 255 , 728
-5.05 , 255 , 729
-5.05 , 255 , 730
-5.05 , 255 , 731
-5.05 , 255 , 732
-5.05 , 255 , 733
-5.05 , 255 , 734
-5.05 , 255 , 735
-5.05 , 255 , 736
-5.05 , 255 , 737
-5.05 , 255 , 738
-5.05 , 255 , 739
-5.05 , 255 , 740
-5.05 , 0 , 741
-5.05 , 0 , 742
-5.05 , 0 , 743
-5.05 , 0 , 744
-5.05 , 0 , 745
-5.05 , 0 , 746
-5.05 , 0 , 747
-5.05 , 0 , 748
-5.05 , 0 , 749
-5.05 , 0 , 750
-5.05 , 0 , 751
-5.05 , 0 , 752
-5.05 , 0 , 753
-5.05 , 0 , 754
-5.05 , 0 , 755
-5.05 , 0 , 756
-5.05 , 0 , 757
-5.05 , 0 , 758
-5.05 , 0 , 759
-5.05 , 0 , 760
-5.05 , 0 , 761
-5.05 , 0 , 762
-5.05 , 0 , 763
-5.05 , 0 , 764
-5.05 , 0 , 765
-5.05 , 0 , 766
-5.05 , 0 , 767
-5.05 , 0 , 768
-5.05 , 0 , 769
-5.05 , 0 , 770
-5.05 , 0 , 771
-5.05 , 0 , 772
-5.05 , 0 , 773
-5.05 , 0 , 774
-5.05 , 0 , 775
-5.05 , 0 , 776
-5.05 , 0 , 777
-5.05 , 0 , 778
-5.05 , 0 , 779
-5.05 , 0 , 780
-5.05 , 0 , 781
-5.05 , 0 , 782
-5.05 , 0 , 783
-5.05 , 0 , 784
-5.05 , 0 , 785
-5.05 , 0 , 786
-5.05 , 0 , 787
-5.05 , 0 , 788
-5.05 , 0 , 789
-5.05 , 0 , 790
-5.05 , 0 , 791
-5.05 , 0 , 792
-5.05 , 0 , 793
-5.05 , 0 , 794
-5.05 , 0 , 795
-5.05 , 0 , 796
-5.05 , 0 , 797
-5.05 , 0 , 798
-5.05 , 0 , 799
-5.05 , 0 , 800
-5.05 , 0 , 801
-5.05 , 0 , 802
-5.05 , 0 , 803
-5.05 , 0 , 804
-5.05 , 0 , 805
-5.05 , 0 , 806
-5.05 , 0 , 807
-5.05 , 0 , 808
-5.05 , 0 , 809
-5.05 , 0 , 810
-5.05 , 0 , 811
-5.05 , 0 , 812
-5.05 , 0 , 813
-5.05 , 0 , 814
-5.05 , 0 , 815
-5.05 , 0 , 816
-5.05 , 0 , 817
-5.05 , 0 , 818
-5.05 , 0 , 819
-5.05 , 0 , 820
-5.05 , 0 , 821
-5.05 , 0 , 822
-5.05 , 0 , 823
-5.05 , 0 , 824
-5.05 , 0 , 825
-5.05 , 0 , 826
-5.05 , 0 , 827
-5.05 , 0 , 828
-5.05 , 0 , 829
-5.05 , 0 , 830
-5.05 , 0 , 831
-5.05 , 0 , 832
-5.05 , 0 , 833
-5.05 , 0 , 834
-5.05 , 0 , 835
-5.05 , 0 , 836
-5.05 , 0 , 837
-5.05 , 0 , 838
-5.05 , 0 , 839
-5.05 , 0 , 840
-5.05 , 0 , 841
-5.05 , 0 , 842
-5.05 , 0 , 843
-5.05 , 0 , 844
-5.05 , 0 , 845
-5.05 , 0 , 846
-5.05 , 0 , 847
-5.05 , 0 , 848
-5.05 , 0 , 849
-5.05 , 0 , 850
-5.05 , 0 , 851
-5.05 , 0 , 852
-5.05 , 0 , 853
-5.05 , 0 , 854
-5.05 , 0 , 855
-5.05 , 0 , 856
-5.05 , 0 , 857
-5.05 , 0 , 858
-5.05 , 0 , 859
-5.05 , 0 , 860
-5.05 , 0 , 861
-5.05 , 0 , 862
-5.05 , 0 , 863
-5.05 , 0 , 864
-5.05 , 0 , 865
-5.05 , 0 , 866
-5.05 , 0 , 867
-5.05 , 0 , 868
-5.05 , 0 , 869
-5.05 , 0 , 870
-5.05 , 0 , 871
-5.05 , 0 , 872
-5.05 , 0 , 873
-5.05 , 0 , 874
-5.05 , 0 , 875
-5.05 , 0 , 876
-5.05 , 0 , 877
-5.05 , 0 , 878
-5.05 , 0 , 879
-5.05 , 0 , 880
-5.05 , 0 , 881
-5.05 , 0 , 882
-5.05 , 0 , 883
-5.05 , 0 , 884
-5.05 , 0 , 885
-5.05 , 0 , 886
-5.05 , 0 , 887
-5.05 , 0 , 888
-5.05 , 0 , 889
-5.05 , 0 , 890
-5.05 , 0 , 891
-5.05 , 0 , 892
-5.05 , 0 , 893
-5.05 , 0 , 894
-5.05 , 0 , 895
-5.05 , 0 , 896
-5.05 , 0 , 897
-5.05 , 0 , 898
-5.05 , 0 , 899
-5.05 , 0 , 900
-5.05 , 0 , 901
-5.05 , 0 , 902
-5.05 , 0 , 903
-5.05 , 0 , 904
-5.05 , 0 , 905
-5.05 , 0 , 906
-5.05 , 0 , 907
-5.05 , 0 , 908
-5.05 , 0 , 909
-5.05 , 0 , 910
-5.05 , 0 , 911
-5.05 , 0 , 912
-5.05 , 0 , 913
-5.05 , 0 , 914
-5.05 , 0 , 915
-5.05 , 0 , 916
-5.05 , 0 , 917
-5.05 , 0 , 918
-5.05 , 0 , 919
-5.05 , 0 , 920
-5.05 , 0 , 921
-5.05 , 0 , 922
-5.05 , 0 , 923
-5.05 , 0 , 924
-5.05 , 0 , 925
-5.05 , 0 , 926
-5.05 , 0 , 927
-5.05 , 0 , 928
-5.05 , 0 , 929
-5.05 , 0 , 930
-5.05 , 0 , 931
-5.05 , 0 , 932
-5.05 , 0 , 933
-5.05 , 0 , 934
-5.05 , 0 , 935
-5.05 , 0 , 936
-5.05 , 0 , 937
-5.05 , 0 , 938
-5.05 , 0 , 939
-5.05 , 0 , 940
-5.05 , 0 , 941
-5.05 , 0 , 942
-5.05 , 0 , 943
-5.05 , 0 , 944
-5.05 , 0 , 945
-5.05 , 0 , 946
-5.05 , 0 , 947
-5.05 , 0 , 948
-5.05 , 0 , 949
-5.05 , 0 , 950
-5.05 , 0 , 951
-5.05 , 0 , 952
-5.05 , 0 , 953
-5.05 , 0 , 954
-5.05 , 0 , 955
-5.05 , 0 , 956
-5.05 , 0 , 957
-5.05 , 0 , 958
-5.05 , 0 , 959
-5.05 , 0 , 960
-5.05 , 0 , 961
-5.05 , 0 , 962
-5.05 , 0 , 963
-5.05 , 0 , 964
-5.05 , 0 , 965
-5.05 , 0 , 966
-5.05 , 0 , 967
-5.05 , 0 , 968
-5.05 , 0 , 969
-5.05 , 0 , 970
-5.05 , 0 , 971
-5.05 , 0 , 972
-5.05 , 0 , 973
-5.05 , 0 , 974
-5.05 , 0 , 975
-5.05 , 0 , 976
-5.05 , 0 , 977
-5.05 , 0 , 978
-5.05 , 0 , 979
-5.05 , 0 , 980
-5.05 , 0 , 981
-5.05 , 0 , 982
-5.05 , 0 , 983
-5.05 , 0 , 984
-5.05 , 0 , 985
-5.05 , 0 , 986
-5.05 , 0 , 987
-5.05 , 0 , 988
-5.05 , 0 , 989
-5.05 , 0 , 990
-5.05 , 0 , 991
-5.05 , 0 , 992
-5.05 , 0 , 993
-5.05 , 0 , 994
-5.05 , 0 , 995
-5.05 , 0 , 996
-5.05 , 0 , 997
-5.05 , 0 , 998
-5.05 , 0 , 999
-5.05 , 0 , 1000
-5.05 , 0 , 1001
-5.05 , 0 , 1002
-5.05 , 0 , 1003
-5.05 , 0 , 1004
-5.05 , 0 , 1005
-5.05 , 0 , 1006
-5.05 , 0 , 1007
-5.05 , 0 , 1008
-5.05 , 0 , 1009
-5.05 , 0 , 1010
-5.05 , 0 , 1011
-5.05 , 0 , 1012
-5.05 , 0 , 1013
-5.05 , 0 , 1014
-5.05 , 0 , 1015
-5.05 , 0 , 1016
-5.05 , 0 , 1017
-5.05 , 0 , 1018
-5.05 , 0 , 1019
-5.05 , 0 , 1020
-5.05 , 0 , 1021
-5.05 , 0 , 1022
-5.05 , 0 , 1023
-5.05 , 0 , 1024
-5.05 , 0 , 1025
-5.05 , 0 , 1026
-5.05 , 0 , 1027
-5.05 , 0 , 1028
-5.05 , 0 , 1029
-5.05 , 0 , 1030
-5.05 , 0 , 1031
-5.05 , 0 , 1032
-5.05 , 0 , 1033
-5.05 , 0 , 1034
-5.05 , 0 , 1035
-5.05 , 0 , 1036
-5.05 , 0 , 1037
-5.05 , 0 , 1038
-5.05 , 0 , 1039
-5.05 , 0 , 1040
-5.05 , 0 , 1041
-5.05 , 0 , 1042
-5.05 , 0 , 1043
-5.05 , 0 , 1044
-5.05 , 0 , 1045
-5.05 , 0 , 1046
-5.05 , 0 , 1047
-5.05 , 0 , 1048
-5.05 , 0 , 1049
-5.05 , 0 , 1050
-5.05 , 0 , 1051
-5.05 , 0 , 1052
-5.05 , 0 , 1053
-5.05 , 0 , 1054
-5.05 , 0 , 1055
-5.05 , 0 , 1056
-5.05 , 0 , 1057
-5.05 , 0 , 1058
-5.05 , 0 , 1059
-5.05 , 0 , 1060
-5.05 , 0 , 1061
-5.05 , 0 , 1062
-5.05 , 0 , 1063
-5.05 , 0 , 1064
-5.05 , 0 , 1065
-5.05 , 0 , 1066
-5.05 , 0 , 1067
-5.05 , 0 , 1068
-5.05 , 0 , 1069
-5.05 , 0 , 1070
-5.05 , 0 , 1071
-5.05 , 0 , 1072
-5.05 , 0 , 1073
-5.05 , 0 , 1074
-5.05 , 0 , 1075
-5.05 , 0 , 1076
-5.05 , 0 , 1077
-5.05 , 0 , 1078
-5.05 , 0 , 1079
-5.05 , 0 , 1080
-5.05 , 0 , 1081
-5.05 , 0 , 1082
-5.05 , 0 , 1083
-5.05 , 0 , 1084
-5.05 , 0 , 1085
-5.05 , 0 , 1086
-5.05 , 0 , 1087
-5.05 , 0 , 1088
-5.05 , 0 , 1089
-5.05 , 0 , 1090
-5.05 , 0 , 1091
-5.05 , 0 , 1092
-5.05 , 0 , 1093
-5.05 , 0 , 1094
-5.05 , 0 , 1095
-5.05 , 0 , 1096
-5.05 , 0 , 1097
-5.05 , 0 , 1098
-5.05 , 0 , 1099
-5.05 , 0 , 1100
-5.05 , 0 , 1101
-5.05 , 0 , 1102
-5.05 , 0 , 1103
-5.05 , 0 , 1104
-5.05 , 0 , 1105
-5.05 , 0 , 1106
-5.05 , 0 , 1107
-5.05 , 0 , 1108
-5.05 , 0 , 1109
-5.05 , 0 , 1110
-5.05 , 0 , 1111
-5.05 , 0 , 1112
-5.05 , 0 , 1113
-5.05 , 0 , 1114
-5.05 , 0 , 1115
-5.05 , 0 , 1116
-5.05 , 0 , 1117
-5.05 , 0 , 1118
-5.05 , 0 , 1119
-5.05 , 0 , 1120
-5.05 , 0 , 1121
-5.05 , 0 , 1122
-5.05 , 0 , 1123
-5.05 , 0 , 1124
-5.05 , 0 , 1125
-5.05 , 0 , 1126
-5.05 , 0 , 1127
-5.05 , 0 , 1128
-5.05 , 0 , 1129
-5.05 , 0 , 1130
-5.05 , 0 , 1131
-5.05 , 0 , 1132
-5.05 , 0 , 1133
-5.05 , 0 , 1134
-5.05 , 0 , 1135
-5.05 , 0 , 1136
-5.05 , 0 , 1137
-5.05 , 0 , 1138
-5.05 , 0 , 1139
-5.05 , 0 , 1140
-5.05 , 0 , 1141
-5.05 , 0 , 1142
-5.05 , 0 , 1143
-5.05 , 0 , 1144
-5.05 , 0 , 1145
-5.05 , 0 , 1146
-5.05 , 0 , 1147
-5.05 , 0 , 1148
-5.05 , 0 , 1149
-5.05 , 0 , 1150
-5.05 , 0 , 1151
-5.05 , 0 , 1152
-5.05 , 0 , 1153
-5.05 , 0 , 1154
-5.05 , 0 , 1155
-5.05 , 0 , 1156
-5.05 , 0 , 1157
-5.05 , 0 , 1158
-5.05 , 0 , 1159
-5.05 , 0 , 1160
-5.05 , 0 , 1161
-5.05 , 0 , 1162
-5.05 , 0 , 1163
-5.05 , 0 , 1164
-5.05 , 0 , 1165
-5.05 , 0 , 1166
-5.05 , 0 , 1167
-5.05 , 0 , 1168
-5.05 , 0 , 1169
-5.05 , 0 , 1170
-5.05 , 0 , 1171
-5.05 , 0 , 1172
-5.05 , 0 , 1173
-5.05 , 0 , 1174
-5.05 , 0 , 1175
-5.05 , 0 , 1176
-5.05 , 0 , 1177
-5.05 , 0 , 1178
-5.05 , 0 , 1179
-5.05 , 0 , 1180
-5.05 , 0 , 1181
-5.05 , 0 , 1182
-5.05 , 0 , 1183
-5.05 , 0 , 1184
-5.05 , 0 , 1185
-5.05 , 0 , 1186
-5.05 , 0 , 1187
-5.05 , 0 , 1188
-5.05 , 0 , 1189
-5.05 , 0 , 1190
-5.05 , 0 , 1191
-5.05 , 0 , 1192
-5.05 , 0 , 1193
-5.05 , 0 , 1194
-5.05 , 0 , 1195
-5.05 , 0 , 1196
-5.05 , 0 , 1197
-5.05 , 0 , 1198
-5.05 , 0 , 1199
-5.05 , 0 , 1200
-5.05 , 0 , 1201
-5.05 , 0 , 1202
-5.05 , 0 , 1203
-5.05 , 0 , 1204
-5.05 , 0 , 1205
-5.05 , 0 , 1206
-5.05 , 0 , 1207
-5.05 , 0 , 1208
-5.05 , 0 , 1209
-5.05 , 0 , 1210
-5.05 , 0 , 1211
-5.05 , 0 , 1212
-5.05 , 0 , 1213
-5.05 , 0 , 1214
-5.05 , 0 , 1215
-5.05 , 0 , 1216
-5.05 , 0 , 1217
-5.05 , 0 , 1218
-5.05 , 0 , 1219
-5.05 , 0 , 1220
-5.05 , 0 , 1221
-5.05 , 0 , 1222
-5.05 , 0 , 1223
-5.05 , 0 , 1224
-5.05 , 0 , 1225
-5.05 , 0 , 1226
-5.05 , 0 , 1227
-5.05 , 0 , 1228
-5.05 , 0 , 1229
-5.05 , 0 , 1230
-5.05 , 0 , 1231
-5.05 , 0 , 1232
-5.05 , 0 , 1233
-5.05 , 0 , 1234
-5.05 , 0 , 1235
-5.05 , 0 , 1236
-5.05 , 0 , 1237
-5.05 , 0 , 1238
-5.05 , 0 , 1239
-5.05 , 0 , 1240
-5.05 , 0 , 1241
-5.05 , 0 , 1242
-5.05 , 0 , 1243
-5.05 , 0 , 1244
-5.05 , 0 , 1245
-5.05 , 0 , 1246
-5.05 , 0 , 1247
-5.05 , 0 , 1248
-5.05 , 0 , 1249
-5.05 , 0 , 1250
-5.05 , 0 , 1251
-5.05 , 0 , 1252
-5.05 , 0 , 1253
-5.05 , 0 , 1254
-5.05 , 0 , 1255
-5.05 , 0 , 1256
-5.05 , 0 , 1257
-5.05 , 0 , 1258
-5.05 , 0 , 1259
-5.05 , 0 , 1260
-5.05 , 0 , 1261
-5.05 , 0 , 1262
-5.05 , 0 , 1263
-5.05 , 0 , 1264
-5.05 , 0 , 1265
-5.05 , 0 , 1266
-5.05 , 0 , 1267
-5.05 , 0 , 1268
-5.05 , 0 , 1269
-5.05 , 0 , 1270
-5.05 , 0 , 1271
-5.05 , 0 , 1272
-5.05 , 0 , 1273
-5.05 , 0 , 1274
-5.05 , 0 , 1275
-5.05 , 0 , 1276
-5.05 , 0 , 1277
-5.05 , 0 , 1278
-5.05 , 0 , 1279
-5.05 , 0 , 1280
-5.05 , 0 , 1281
-5.05 , 0 , 1282
-5.05 , 0 , 1283
-5.05 , 0 , 1284
-5.05 , 0 , 1285
-5.05 , 0 , 1286
-5.05 , 0 , 1287
-5.05 , 0 , 1288
-5.05 , 0 , 1289
-5.05 , 0 , 1290
-5.05 , 0 , 1291
-5.05 , 0 , 1292
-5.05 , 0 , 1293
-5.05 , 0 , 1294
-5.05 , 0 , 1295
-5.05 , 0 , 1296
-5.05 , 0 , 1297
-5.05 , 0 , 1298
-5.05 , 0 , 1299
-5.05 , 0 , 1300
-5.05 , 0 , 1301
-5.05 , 0 , 1302
-5.05 , 0 , 1303
-5.05 , 0 , 1304
-5.05 , 0 , 1305
-5.05 , 0 , 1306
-5.05 , 0 , 1307
-5.05 , 0 , 1308
-5.05 , 0 , 1309
-5.05 , 0 , 1310
-5.05 , 0 , 1311
-5.05 , 0 , 1312
-5.05 , 0 , 1313
-5.05 , 0 , 1314
-5.05 , 0 , 1315
-5.05 , 0 , 1316
-5.05 , 0 , 1317
-5.05 , 0 , 1318
-5.05 , 0 , 1319
-5.05 , 0 , 1320
-5.05 , 0 , 1321
-5.05 , 0 , 1322
-5.05 , 0 , 1323
-5.05 , 0 , 1324
-5.05 , 0 , 1325
-5.05 , 0 , 1326
-5.05 , 0 , 1327
-5.05 , 0 , 1328
-5.05 , 0 , 1329
-5.05 , 0 , 1330
-5.05 , 0 , 1331
-5.05 , 0 , 1332
-5.05 , 0 , 1333
-5.05 , 0 , 1334
-5.05 , 0 , 1335
-5.05 , 0 , 1336
-5.05 , 0 , 1337
-5.05 , 0 , 1338
-5.05 , 0 , 1339
-5.05 , 0 , 1340
-5.05 , 0 , 1341
-5.05 , 0 , 1342
-5.05 , 0 , 1343
-5.05 , 0 , 1344
-5.05 , 0 , 1345
-5.05 , 0 , 1346
-5.05 , 0 , 1347
-5.05 , 0 , 1348
-5.05 , 0 , 1349
-5.05 , 0 , 1350
-5.05 , 0 , 1351
-5.05 , 0 , 1352
-5.05 , 0 , 1353
-5.05 , 0 , 1354
-5.05 , 0 , 1355
-5.05 , 0 , 1356
-5.05 , 0 , 1357
-5.05 , 0 , 1358
-5.05 , 0 , 1359
-5.05 , 0 , 1360
-5.05 , 0 , 1361
-5.05 , 0 , 1362
-5.05 , 0 , 1363
-5.05 , 0 , 1364
-5.05 , 0 , 1365
-5.05 , 0 , 1366
-5.05 , 0 , 1367
-5.05 , 0 , 1368
-5.05 , 0 , 1369
-5.05 , 0 , 1370
-5.05 , 0 , 1371
-5.05 , 0 , 1372
-5.05 , 0 , 1373
-5.05 , 0 , 1374
-5.05 , 0 , 1375
-5.05 , 0 , 1376
-5.05 , 0 , 1377
-5.05 , 0 , 1378
-5.05 , 0 , 1379
-5.05 , 0 , 1380
-5.05 , 0 , 1381
-5.05 , 0 , 1382
-5.05 , 0 , 1383
-5.05 , 0 , 1384
-5.05 , 0 , 1385
-5.05 , 0 , 1386
-5.05 , 0 , 1387
-5.05 , 0 , 1388
-5.05 , 0 , 1389
-5.05 , 0 , 1390
-5.05 , 0 , 1391
-5.05 , 0 , 1392
-5.05 , 0 , 1393
-5.05 , 0 , 1394
-5.05 , 0 , 1395
-5.05 , 0 , 1396
-5.05 , 0 , 1397
-5.05 , 0 , 1398
-5.05 , 0 , 1399
-5.05 , 0 , 1400
-5.05 , 0 , 1401
-5.05 , 0 , 1402
-5.05 , 0 , 1403
-5.05 , 0 , 1404
-5.05 , 0 , 1405
-5.05 , 0 , 1406
-5.05 , 0 , 1407
-5.05 , 0 , 1408
-5.05 , 0 , 1409
-5.05 , 0 , 1410
-5.05 , 0 , 1411
-5.05 , 0 , 1412
-5.05 , 0 , 1413
-5.05 , 0 , 1414
-5.05 , 0 , 1415
-5.05 , 0 , 1416
-5.05 , 0 , 1417
-5.05 , 0 , 1418
-5.05 , 0 , 1419
-5.05 , 0 , 1420
-5.05 , 0 , 1421
-5.05 , 0 , 1422
-5.05 , 0 , 1423
-5.05 , 0 , 1424
-5.05 , 0 , 1425
-5.05 , 0 , 1426
-5.05 , 0 , 1427
-5.05 , 0 , 1428
-5.05 , 0 , 1429
-5.05 , 0 , 1430
-5.05 , 0 , 1431
-5.05 , 0 , 1432
-5.05 , 0 , 1433
-5.05 , 0 , 1434
-5.05 , 0 , 1435
-5.05 , 0 , 1436
-5.05 , 0 , 1437
-5.05 , 0 , 1438
-5.05 , 0 , 1439
-5.05 , 0 , 1440
-5.05 , 0 , 1441
-5.05 , 0 , 1442
-5.05 , 0 , 1443
-5.05 , 0 , 1444
-5.05 , 0 , 1445
-5.05 , 0 , 1446
-5.05 , 0 , 1447
-5.05 , 0 , 1448
-5.05 , 0 , 1449
-5.05 , 0 , 1450
-5.05 , 0 , 1451
-5.05 , 0 , 1452
-5.05 , 0 , 1453
-5.05 , 0 , 1454
-5.05 , 0 , 1455
-5.05 , 0 , 1456
-5.05 , 0 , 1457
-5.05 , 0 , 1458
-5.05 , 0 , 1459
-5.05 , 0 , 1460
-5.05 , 0 , 1461
-5.05 , 0 , 1462
-5.05 , 0 , 1463
-5.05 , 0 , 1464
-5.05 , 0 , 1465
-5.05 , 0 , 1466
-5.05 , 0 , 1467
-5.05 , 0 , 1468
-5.05 , 0 , 1469
-5.05 , 0 , 1470
-5.05 , 0 , 1471
-5.05 , 0 , 1472
-5.05 , 0 , 1473
-5.05 , 0 , 1474
-5.05 , 0 , 1475
-5.05 , 0 , 1476
-5.05 , 0 , 1477
-5.05 , 0 , 1478
-5.05 , 0 , 1479
-5.05 , 0 , 1480
-5.05 , 0 , 1481
-5.05 , 0 , 1482
-5.05 , 0 , 1483
-5.05 , 0 , 1484
-5.05 , 0 , 1485
-5.05 , 0 , 1486
-5.05 , 0 , 1487
-5.05 , 0 , 1488
-5.05 , 0 , 1489
-5.05 , 0 , 1490
-5.05 , 0 , 1491
-5.05 , 0 , 1492
-5.05 , 0 , 1493
-5.05 , 0 , 1494
-5.05 , 0 , 1495
-5.05 , 0 , 1496
-5.05 , 0 , 1497
-5.05 , 0 , 1498
-5.05 , 0 , 1499
-5.05 , 0 , 1500
-5.05 , 0 , 1501
-5.05 , 0 , 1502
-5.05 , 0 , 1503
-5.05 , 0 , 1504
-5.05 , 0 , 1505
-5.05 , 0 , 1506
-5.05 , 0 , 1507
-5.05 , 0 , 1508
-5.05 , 0 , 1509
-5.05 , 0 , 1510
-5.05 , 0 , 1511
-5.05 , 0 , 1512
-5.05 , 0 , 1513
-5.05 , 0 , 1514
-5.05 , 0 , 1515
-5.05 , 0 , 1516
-5.05 , 0 , 1517
-5.05 , 0 , 1518
-5.05 , 0 , 1519
-5.05 , 0 , 1520
-5.05 , 0 , 1521
-5.05 , 0 , 1522
-5.05 , 0 , 1523
-5.05 , 0 , 1524
-5.05 , 0 , 1525
-5.05 , 0 , 1526
-5.05 , 0 , 1527
-5.05 , 0 , 1528
-5.05 , 0 , 1529
-5.05 , 0 , 1530
-5.05 , 0 , 1531
-5.05 , 0 , 1532
-5.05 , 0 , 1533
-5.05 , 0 , 1534
-5.05 , 0 , 1535
-5.05 , 0 , 1536
-5.05 , 0 , 1537
-5.05 , 0 , 1538
-5.05 , 0 , 1539
-5.05 , 0 , 1540
-5.05 , 0 , 1541
-5.05 , 0 , 1542
-5.05 , 0 , 1543
-5.05 , 0 , 1544
-5.05 , 0 , 1545
-5.05 , 0 , 1546
-5.05 , 0 , 1547
-5.05 , 0 , 1548
-5.05 , 0 , 1549
-5.05 , 0 , 1550
-5.05 , 0 , 1551
-5.05 , 0 , 1552
-5.05 , 0 , 1553
-5.05 , 0 , 1554
-5.05 , 0 , 1555
-5.05 , 0 , 1556
-5.05 , 0 , 1557
-5.05 , 0 , 1558
-5.05 , 0 , 1559
-5.05 , 0 , 1560
-5.05 , 0 , 1561
-5.05 , 0 , 1562
-5.05 , 0 , 1563
-5.05 , 0 , 1564
-5.05 , 0 , 1565
-5.05 , 0 , 1566
-5.05 , 0 , 1567
-5.05 , 0 , 1568
-5.05 , 0 , 1569
-5.05 , 0 , 1570
-5.05 , 0 , 1571
-5.05 , 0 , 1572
-5.05 , 0 , 1573
-5.05 , 0 , 1574
-5.05 , 0 , 1575
-5.05 , 0 , 1576
-5.05 , 0 , 1577
-5.05 , 0 , 1578
-5.05 , 0 , 1579
-5.05 , 0 , 1580
-5.05 , 0 , 1581
-5.05 , 0 , 1582
-5.05 , 0 , 1583
-5.05 , 0 , 1584
-5.05 , 0 , 1585
-5.05 , 0 , 1586
-5.05 , 0 , 1587
-5.05 , 0 , 1588
-5.05 , 0 , 1589
-5.05 , 0 , 1590
-5.05 , 0 , 1591
-5.05 , 0 , 1592
-5.05 , 0 , 1593
-5.05 , 0 , 1594
-5.05 , 0 , 1595
-5.05 , 0 , 1596
-5.05 , 0 , 1597
-5.05 , 0 , 1598
-5.05 , 0 , 1599
-5.05 , 0 , 1600
-5.05 , 0 , 1601
-5.05 , 0 , 1602
-5.05 , 0 , 1603
-5.05 , 0 , 1604
-5.05 , 0 , 1605
-5.05 , 0 , 1606
-5.05 , 0 , 1607
-5.05 , 0 , 1608
-5.05 , 0 , 1609
-5.05 , 0 , 1610
-5.05 , 0 , 1611
-5.05 , 0 , 1612
-5.05 , 0 , 1613
-5.05 , 0 , 1614
-5.05 , 0 , 1615
-5.05 , 0 , 1616
-5.05 , 0 , 1617
-5.05 , 0 , 1618
-5.05 , 0 , 1619
-5.05 , 0 , 1620
-5.05 , 0 , 1621
-5.05 , 0 , 1622
-5.05 , 0 , 1623
-5.05 , 0 , 1624
-5.05 , 0 , 1625
-5.05 , 0 , 1626
-5.05 , 0 , 1627
-5.05 , 0 , 1628
-5.05 , 0 , 1629
-5.05 , 0 , 1630
-5.05 , 0 , 1631
-5.05 , 0 , 1632
-5.05 , 0 , 1633
-5.05 , 0 , 1634
-5.05 , 0 , 1635
-5.05 , 0 , 1636
-5.05 , 0 , 1637
-5.05 , 0 , 1638
-5.05 , 0 , 1639
-5.05 , 0 , 1640
-5.05 , 0 , 1641
-5.05 , 0 , 1642
-5.05 , 0 , 1643
-5.05 , 0 , 1644
-5.05 , 0 , 1645
-5.05 , 0 , 1646
-5.05 , 0 , 1647
-5.05 , 0 , 1648
-5.05 , 0 , 1649
-5.05 , 0 , 1650
-5.05 , 0 , 1651
-5.05 , 0 , 1652
-5.05 , 0 , 1653
-5.05 , 0 , 1654
-5.05 , 0 , 1655
-5.05 , 0 , 1656
-5.05 , 0 , 1657
-5.05 , 0 , 1658
-5.05 , 0 , 1659
-5.05 , 0 , 1660
-5.05 , 0 , 1661
-5.05 , 0 , 1662
-5.05 , 0 , 1663
-5.05 , 0 , 1664
-5.05 , 0 , 1665
-5.05 , 0 , 1666
-5.05 , 0 , 1667
-5.05 , 0 , 1668
-5.05 , 0 , 1669
-5.05 , 0 , 1670
-5.05 , 0 , 1671
-5.05 , 0 , 1672
-5.05 , 0 , 1673
-5.05 , 0 , 1674
-5.05 , 0 , 1675
-5.05 , 0 , 1676
-5.05 , 0 , 1677
-5.05 , 0 , 1678
-5.05 , 0 , 1679
-5.05 , 0 , 1680
-5.05 , 0 , 1681
-5.05 , 0 , 1682
-5.05 , 0 , 1683
-5.05 , 0 , 1684
-5.05 , 0 , 1685
-5.05 , 0 , 1686
-5.05 , 0 , 1687
-5.05 , 0 , 1688
-5.05 , 0 , 1689
-5.05 , 0 , 1690
-5.05 , 0 , 1691
-5.05 , 0 , 1692
-5.05 , 0 , 1693
-5.05 , 0 , 1694
-5.05 , 0 , 1695
-5.05 , 0 , 1696
-5.05 , 0 , 1697
-5.05 , 0 , 1698
-5.05 , 0 , 1699
-5.05 , 0 , 1700
-5.05 , 0 , 1701
-5.05 , 0 , 1702
-5.05 , 0 , 1703
-5.05 , 0 , 1704
-5.05 , 0 , 1705
-5.05 , 0 , 1706
-5.05 , 0 , 1707
-5.05 , 0 , 1708
-5.05 , 0 , 1709
-5.05 , 0 , 1710
-5.05 , 0 , 1711
-5.05 , 0 , 1712
-5.05 , 0 , 1713
-5.05 , 0 , 1714
-5.05 , 0 , 1715
-5.05 , 0 , 1716
-5.05 , 0 , 1717
-5.05 , 0 , 1718
-5.05 , 0 , 1719
-5.05 , 0 , 1720
-5.05 , 0 , 1721
-5.05 , 0 , 1722
-5.05 , 0 , 1723
-5.05 , 0 , 1724
-5.05 , 0 , 1725
-5.05 , 0 , 1726
-5.05 , 0 , 1727
-5.05 , 0 , 1728
-5.05 , 0 , 1729
-5.05 , 0 , 1730
-5.05 , 0 , 1731
-5.05 , 0 , 1732
-5.05 , 0 , 1733
-5.05 , 0 , 1734
-5.05 , 0 , 1735
-5.05 , 0 , 1736
-5.05 , 0 , 1737
-5.05 , 0 , 1738
-5.05 , 0 , 1739
-5.05 , 0 , 1740
-5.05 , 0 , 1741
-5.05 , 0 , 1742
-5.05 , 0 , 1743
-5.05 , 0 , 1744
-5.05 , 0 , 1745
-5.05 , 0 , 1746
-5.05 , 0 , 1747
-5.05 , 0 , 1748
-5.05 , 0 , 1749
-5.05 , 0 , 1750
-5.05 , 0 , 1751
-5.05 , 0 , 1752
-5.05 , 0 , 1753
-5.05 , 0 , 1754
-5.05 , 0 , 1755
-5.05 , 0 , 1756
-5.05 , 0 , 1757
-5.05 , 0 , 1758
-5.05 , 0 , 1759
-5.05 , 0 , 1760
-5.05 , 0 , 1761
-5.05 , 0 , 1762
-5.05 , 0 , 1763
-5.05 , 0 , 1764
-5.05 , 0 , 1765
-5.05 , 0 , 1766
-5.05 , 0 , 1767
-5.05 , 0 , 1768
-5.05 , 0 , 1769
-5.05 , 0 , 1770
-5.05 , 0 , 1771
-5.05 , 0 , 1772
-5.05 , 0 , 1773
-5.05 , 0 , 1774
-5.05 , 0 , 1775
-5.05 , 0 , 1776
-5.05 , 0 , 1777
-5.05 , 0 , 1778
-5.05 , 0 , 1779
-5.05 , 0 , 1780
-5.05 , 0 , 1781
-5.05 , 0 , 1782
-5.05 , 0 , 1783
-5.05 , 0 , 1784
-5.05 , 0 , 1785
-5.05 , 0 , 1786
-5.05 , 0 , 1787
-5.05 , 0 , 1788
-5.05 , 0 , 1789
-5.05 , 0 , 1790
-5.05 , 0 , 1791
-5.05 , 0 , 1792
-5.05 , 0 , 1793
-5.05 , 0 , 1794
-5.05 , 0 , 1795
-5.05 , 0 , 1796
-5.05 , 0 , 1797
-5.05 , 0 , 1798
-5.05 , 0 , 1799
-5.05 , 0 , 1800
-5.05 , 0 , 1801
-5.05 , 0 , 1802
-5.05 , 0 , 1803
-5.05 , 0 , 1804
-5.05 , 0 , 1805
-5.05 , 0 , 1806
-5.05 , 0 , 1807
-5.05 , 0 , 1808
-5.05 , 0 , 1809
-5.05 , 0 , 1810
-5.05 , 0 , 1811
-5.05 , 0 , 1812
-5.05 , 0 , 1813
-5.05 , 0 , 1814
-5.05 , 0 , 1815
-5.05 , 0 , 1816
-5.05 , 0 , 1817
-5.05 , 0 , 1818
-5.05 , 0 , 1819
-5.05 , 0 , 1820
-5.05 , 0 , 1821
-5.05 , 0 , 1822
-5.05 , 0 , 1823
-5.05 , 0 , 1824
-5.05 , 0 , 1825
-5.05 , 0 , 1826
-5.05 , 0 , 1827
-5.05 , 0 , 1828
-5.05 , 0 , 1829
-5.05 , 0 , 1830
-5.05 , 0 , 1831
-5.05 , 0 , 1832
-5.05 , 0 , 1833
-5.05 , 0 , 1834
-5.05 , 0 , 1835
-5.05 , 0 , 1836
-5.05 , 0 , 1837
-5.05 , 0 , 1838
-5.05 , 0 , 1839
-5.05 , 0 , 1840
-5.05 , 0 , 1841
-5.05 , 0 , 1842
-5.05 , 0 , 1843
-5.05 , 0 , 1844
-5.05 , 0 , 1845
-5.05 , 0 , 1846
-5.05 , 0 , 1847
-5.05 , 0 , 1848
-5.05 , 0 , 1849
-5.05 , 0 , 1850
-5.05 , 0 , 1851
-5.05 , 0 , 1852
-5.05 , 0 , 1853
-5.05 , 0 , 1854
-5.05 , 0 , 1855
-5.05 , 0 , 1856
-5.05 , 0 , 1857
-5.05 , 0 , 1858
-5.05 , 0 , 1859
-5.05 , 0 , 1860
-5.05 , 0 , 1861
-5.05 , 0 , 1862
-5.05 , 0 , 1863
-5.05 , 0 , 1864
-5.05 , 0 , 1865
-5.05 , 0 , 1866
-5.05 , 0 , 1867
-5.05 , 0 , 1868
-5.05 , 0 , 1869
-5.05 , 0 , 1870
-5.05 , 0 , 1871
-5.05 , 0 , 1872
-5.05 , 0 , 1873
-5.05 , 0 , 1874
-5.05 , 0 , 1875
-5.05 , 0 , 1876
-5.05 , 0 , 1877
-5.05 , 0 , 1878
-5.05 , 0 , 1879
-5.05 , 0 , 1880
-5.05 , 0 , 1881
-5.05 , 0 , 1882
-5.05 , 0 , 1883
-5.05 , 0 , 1884
-5.05 , 0 , 1885
-5.05 , 0 , 1886
-5.05 , 0 , 1887
-5.05 , 0 , 1888
-5.05 , 0 , 1889
-5.05 , 0 , 1890
-5.05 , 0 , 1891
-5.05 , 0 , 1892
-5.05 , 0 , 1893
-5.05 , 0 , 1894
-5.05 , 0 , 1895
-5.05 , 0 , 1896
-5.05 , 0 , 1897
-5.05 , 0 , 1898
-5.05 , 0 , 1899
-5.05 , 0 , 1900
-5.05 , 0 , 1901
-5.05 , 0 , 1902
-5.05 , 0 , 1903
-5.05 , 0 , 1904
-5.05 , 0 , 1905
-5.05 , 0 , 1906
-5.05 , 0 , 1907
-5.05 , 0 , 1908
-5.05 , 0 , 1909
-5.05 , 0 , 1910
-5.05 , 0 , 1911
-5.05 , 0 , 1912
-5.05 , 0 , 1913
-5.05 , 0 , 1914
-5.05 , 0 , 1915
-5.05 , 0 , 1916
-5.05 , 0 , 1917
-5.05 , 0 , 1918
-5.05 , 0 , 1919
-5.05 , 0 , 1920
-5.05 , 0 , 1921
-5.05 , 0 , 1922
-5.05 , 0 , 1923
-5.05 , 0 , 1924
-5.05 , 0 , 1925
-5.05 , 0 , 1926
-5.05 , 0 , 1927
-5.05 , 0 , 1928
-5.05 , 0 , 1929
-5.05 , 0 , 1930
-5.05 , 0 , 1931
-5.05 , 0 , 1932
-5.05 , 0 , 1933
-5.05 , 0 , 1934
-5.05 , 0 , 1935
-5.05 , 0 , 1936
-5.05 , 0 , 1937
-5.05 , 0 , 1938
-5.05 , 0 , 1939
-5.05 , 0 , 1940
-5.05 , 0 , 1941
-5.05 , 0 , 1942
-5.05 , 0 , 1943
-5.05 , 0 , 1944
-5.05 , 0 , 1945
-5.05 , 0 , 1946
-5.05 , 0 , 1947
-5.05 , 0 , 1948
-5.05 , 0 , 1949
-5.05 , 0 , 1950
-5.05 , 0 , 1951
-5.05 , 0 , 1952
-5.05 , 0 , 1953
-5.05 , 0 , 1954
-5.05 , 0 , 1955
-5.05 , 0 , 1956
-5.05 , 0 , 1957
-5.05 , 0 , 1958
-5.05 , 0 , 1959
-5.05 , 0 , 1960
-5.05 , 0 , 1961
-5.05 , 0 , 1962
-5.05 , 0 , 1963
-5.05 , 0 , 1964
-5.05 , 0 , 1965
-5.05 , 0 , 1966
-5.05 , 0 , 1967
-5.05 , 0 , 1968
-5.05 , 0 , 1969
-5.05 , 0 , 1970
-5.05 , 0 , 1971
-5.05 , 0 , 1972
-5.05 , 0 , 1973
-5.05 , 0 , 1974
-5.05 , 0 , 1975
-5.05 , 0 , 1976
-5.05 , 0 , 1977
-5.05 , 0 , 1978
-5.05 , 0 , 1979
-5.05 , 0 , 1980
-5.05 , 0 , 1981
-5.05 , 0 , 1982
-5.05 , 0 , 1983
-5.05 , 0 , 1984
-5.05 , 0 , 1985
-5.05 , 0 , 1986
-5.05 , 0 , 1987
-5.05 , 0 , 1988
-5.05 , 0 , 1989
-5.05 , 0 , 1990
-5.05 , 0 , 1991
-5.05 , 0 , 1992
-5.05 , 0 , 1993
-5.05 , 0 , 1994
-5.05 , 0 , 1995
-5.05 , 0 , 1996
-5.05 , 0 , 1997
-5.05 , 0 , 1998
-5.05 , 0 , 1999
-5.05 , 0 , 2000
-5.05 , 0 , 2000
-5.05 , 0 , 2000
-5.05 , 0 , 2000
-5.05 , 0 , 2000
-5.05 , 0 , 2000
-5.05 , 0 , 2000
-5.05 , 0 , 2000
-5.05 , 0 , 2000
-5.05 , 0 , 2000
-5.05 , 0 , 2000
-5.05 , 0 , 2000
-5.05 , 0 , 2000
-5.05 , 0 , 2000
-5.05 , 0 , 2000
-5.05 , 0 , 2000
-5.05 , 0 , 2000
-5.05 , 0 , 2000
-5.05 , 0 , 2000
-5.05 , 0 , 2000
-5.05 , 0 , 2000
-5.05 , 0 , 2000
-5.05 , 0 , 2000
-5.05 , 0 , 2000
-5.05 , 0 , 2000
-5.05 , 0 , 2000
-5.05 , 0 , 2000
-5.05 , 0 , 2000
-5.05 , 0 , 2000
-5.05 , 0 , 2000
-5.05 , 0 , 2000
-5.05 , 0 , 2000
-5.05 , 0 , 2000
-5.05 , 0 , 2000
-5.05 , 0 , 2000
-5.05 , 0 , 2000
-5.05 , 0 , 2000
-5.05 , 0 , 2000
-5.05 , 0 , 2000
-5.05 , 0 , 2000
-5.05 , 0 , 2000
-5.05 , 0 , 2000
-5.05 , 0 , 2000
-5.05 , 0 , 2000
-5.05 , 0 , 2000
-5.05 , 0 , 2000
-5.05 , 0 , 2000
-5.05 , 0 , 2000
-5.05 , 0 , 2000
-5.05 , 0 , 2000
-5.05 , 0 , 2000
-5.05 , 0 , 2000
-5.05 , 0 , 2000
-5.05 , 0 , 2000
-5.05 , 0 , 2000
-5.05 , 0 , 2000
-5.05 , 0 , 2000
-5.05 , 0 , 2000
-5.05 , 0 , 2000
-5.05 , 0 , 2000
-5.05 , 0 , 2000
-5.05 , 0 , 2000
-5.05 , 0 , 2000
-5.05 , 0 , 2000
-5.05 , 0 , 2000
-5.05 , 0 , 2000
-5.05 , 0 , 2000
-5.05 , 0 , 2000
-5.05 , 0 , 2000
-5.05 , 0 , 2000
-5.05 , 0 , 2000
-5.05 , 0 , 2000
-5.05 , 0 , 2000
-5.05 , 0 , 2000
-5.05 , 0 , 2000
-5.05 , 0 , 2000
-5.05 , 0 , 2000
-5.05 , 0 , 2000
-5.05 , 0 , 2000
-5.05 , 0 , 2000
-5.05 , 0 , 2000
-5.05 , 0 , 2000
-5.05 , 0 , 2000
-5.05 , 0 , 2000
-5.05 , 0 , 2000
-5.05 , 0 , 2000
-5.05 , 0 , 2000
-5.05 , 0 , 2000
-5.05 , 0 , 2000
-5.05 , 0 , 2000
-5.05 , 0 , 2000
-5.05 , 0 , 2000
-5.05 , 0 , 2000
-5.05 , 0 , 2000
-5.05 , 0 , 2000
-5.05 , 0 , 2000
-5.05 , 0 , 2000
-5.05 , 0 , 2000
-5.05 , 0 , 2000
-5.05 , 0 , 2000
-5.05 , 0 , 2000
-5.05 , 0 , 2000
-5.05 , 0 , 2000
-5.05 , 0 , 2000
-5.05 , 0 , 2000
-5.05 , 0 , 2000
-5.05 , 0 , 2000
-5.05 , 0 , 2000
-5.05 , 0 , 2000
-5.05 , 0 , 2000
-5.05 , 0 , 2000
-5.05 , 0 , 2000
-5.05 , 0 , 2000
-5.05 , 0 , 2000
-5.05 , 0 , 2000
-5.05 , 0 , 2000
-5.05 , 0 , 2000
-5.05 , 0 , 2000
-5.05 , 0 , 2000
-5.05 , 0 , 2000
-5.05 , 0 , 2000
-5.05 , 0 , 2000
-5.05 , 0 , 2000
-5.05 , 0 , 2000
-5.05 , 0 , 2000
-5.05 , 0 , 2000
-5.05 , 0 , 2000
-5.05 , 0 , 2000
-5.05 , 0 , 2000
-5.05 , 0 , 2000
-5.05 , 0 , 2000
-5.05 , 0 , 2000
-5.05 , 0 , 2000
-5.05 , 0 , 2000
-5.05 , 0 , 2000
-5.05 , 0 , 2000
-5.05 , 0 , 2000
-5.05 , 0 , 2000
-5.05 , 0 , 2000
-5.05 , 0 , 2000
-5.05 , 0 , 2000
-5.05 , 0 , 2000
-5.05 , 0 , 2000
-5.05 , 0 , 2000
-5.05 , 0 , 2000
-5.05 , 0 , 2000
-5.05 , 0 , 2000
-5.05 , 0 , 2000
-5.05 , 0 , 2000
-5.05 , 0 , 2000
-5.05 , 0 , 2000
-5.05 , 0 , 2000
-5.05 , 0 , 2000
-5.05 , 0 , 2000
-5.05 , 0 , 2000
-5.05 , 0 , 2000
-5.05 , 0 , 2000
-5.05 , 0 , 2000
-5.05 , 0 , 2000
-5.05 , 0 , 2000
-5.05 , 0 , 2000
-5.05 , 0 , 2000
-5.05 , 0 , 2000
-5.05 , 0 , 2000
-5.05 , 0 , 2000
-5.05 , 0 , 2000
-5.05 , 0 , 2000
-5.05 , 0 , 2000
-5.05 , 0 , 2000
-5.05 , 0 , 2000
-5.05 , 0 , 2000
-5.05 , 0 , 2000
-5.05 , 0 , 2000
-5.05 , 0 , 2000
-5.05 , 0 , 2000
-5.05 , 0 , 2000
-5.05 , 0 , 2000
-5.05 , 0 , 2000
-5.05 , 0 , 2000
-5.05 , 0 , 2000
-5.05 , 0 , 2000
-5.05 , 0 , 2000
-5.05 , 0 , 2000
-5.05 , 0 , 2000
-5.05 , 0 , 2000
-5.05 , 0 , 2000
-5.05 , 0 , 2000
-5.05 , 0 , 2000
-5.05 , 0 , 2000
-5.05 , 0 , 2000
-5.05 , 0 , 2000
-5.05 , 0 , 2000
-5.05 , 0 , 2000
-5.05 , 0 , 2000
-5.05 , 0 , 2000
-5.05 , 0 , 2000
-5.05 , 0 , 2000
-5.05 , 0 , 2000
-5.05 , 0 , 2000
-5.05 , 0 , 2000
-5.05 , 0 , 2000
-5.05 , 0 , 2000
-5.05 , 0 , 2000
-5.05 , 0 , 2000
-5.05 , 0 , 2000
-5.05 , 0 , 2000
-5.05 , 0 , 2000
-5.05 , 0 , 2000
-5.05 , 0 , 2000
-5.05 , 0 , 2000
-5.05 , 0 , 2000
-5.05 , 0 , 2000
-5.05 , 0 , 2000
-5.05 , 0 , 2000
-5.05 , 0 , 2000
-5.05 , 0 , 2000
-5.05 , 0 , 2000
-5.05 , 0 , 2000
-5.05 , 0 , 2000
-5.05 , 0 , 2000
-5.05 , 0 , 2000
-5.05 , 0 , 2000
-5.05 , 0 , 2000
-5.05 , 0 , 2000
-5.05 , 0 , 2000
-5.05 , 0 , 2000
-5.05 , 0 , 2000
-5.05 , 0 , 2000
-5.05 , 0 , 2000
-5.05 , 0 , 2000
-5.05 , 0 , 2000
-5.05 , 0 , 2000
-5.05 , 0 , 2000
-5.05 , 0 , 2000
-5.05 , 0 , 2000
-5.05 , 0 , 2000
-5.05 , 0 , 2000
-5.05 , 0 , 2000
-5.05 , 0 , 2000
-5.05 , 0 , 2000
-5.05 , 0 , 2000
-5.05 , 0 , 2000
-5.05 , 0 , 2000
-5.05 , 0 , 2000
-5.05 , 0 , 2000
-5.05 , 0 , 2000
-5.05 , 0 , 2000
-5.05 , 0