0.00 , 0 , 3002
0.00 , 0 , 3006
0.00 , 0 , 3011
0.00 , 0 , 3016
0.00 , 0 , 3021
0.00 , 0 , 3025
0.00 , 0 , 3031
0.00 , 0 , 3036
0.00 , 0 , 3040
0.00 , 0 , 3045
0.00 , 0 , 3050
0.00 , 0 , 3055
0.00 , 0 , 3059
0.00 , 0 , 3064
0.00 , 0 , 3069
0.00 , 0 , 3074
0.00 , 0 , 3079
0.00 , 0 , 3084
0.00 , 0 , 3088
0.00 , 0 , 3093
0.00 , 0 , 3098
0.00 , 0 , 3103
0.00 , 0 , 3107
0.00 , 0 , 3112
0.00 , 0 , 3118
0.00 , 0 , 3122
0.00 , 0 , 3127
0.00 , 0 , 3132
0.00 , 0 , 3137
0.00 , 0 , 3141
0.00 , 0 , 3146
0.00 , 0 , 3151
0.00 , 0 , 3155
0.00 , 0 , 3161
0.00 , 0 , 3166
0.00 , 0 , 3170
0.00 , 0 , 3175
0.00 , 0 , 3180
0.00 , 0 , 3185
0.00 , 0 , 3189
0.00 , 0 , 3194
0.00 , 0 , 3200
0.00 , 0 , 3204
0.00 , 0 , 3209
0.00 , 0 , 3214
0.00 , 0 , 3219
0.00 , 0 , 3223
0.00 , 0 , 3228
0.00 , 0 , 3233
0.00 , 0 , 3237
0.00 , 0 , 3243
0.00 , 0 , 3248
0.00 , 0 , 3252
0.00 , 0 , 3257
0.00 , 0 , 3262
0.00 , 0 , 3267
0.00 , 0 , 3271
0.00 , 0 , 3276
0.00 , 0 , 3281
0.00 , 0 , 3286
0.00 , 0 , 3291
0.00 , 0 , 3296
0.00 , 0 , 3301
0.00 , 0 , 3305
0.00 , 0 , 3310
0.00 , 0 , 3315
0.00 , 0 , 3319
0.00 , 0 , 3324
0.00 , 0 , 3330
0.00 , 0 , 3334
0.00 , 0 , 3339
0.00 , 0 , 3344
0.00 , 0 , 3349
0.00 , 0 , 3353
0.00 , 0 , 3358
0.00 , 0 , 3363
0.00 , 0 , 3367
0.00 , 0 , 3373
0.00 , 0 , 3378
0.00 , 0 , 3383
0.00 , 0 , 3387
0.00 , 0 , 3392
0.00 , 0 , 3397
0.00 , 0 , 3401
0.00 , 0 , 3406
0.00 , 0 , 3411
0.00 , 0 , 3416
0.00 , 0 , 3421
0.00 , 0 , 3426
0.00 , 0 , 3431
0.00 , 0 , 3435
0.00 , 0 , 3440
0.00 , 0 , 3445
0.00 , 0 , 3449
0.00 , 0 , 3454
0.00 , 0 , 3460
0.00 , 0 , 3465
0.00 , 0 , 3469
0.00 , 0 , 3474
0.00 , 0 , 3479
0.00 , 0 , 3483
0.00 , 0 , 3488
0.00 , 0 , 3493
0.00 , 0 , 3499
0.00 , 0 , 3503
0.00 , 0 , 3508
0.00 , 0 , 3513
0.00 , 0 , 3517
0.00 , 0 , 3522
0.00 , 0 , 3527
0.00 , 0 , 3531
0.00 , 0 , 3536
0.00 , 0 , 3542
0.00 , 0 , 3547
0.00 , 0 , 3551
0.00 , 0 , 3556
0.00 , 0 , 3561
0.00 , 0 , 3565
0.00 , 0 , 3570
0.00 , 0 , 3575
0.00 , 0 , 3580
0.00 , 0 , 3585
0.00 , 0 , 3590
0.00 , 0 , 3595
0.00 , 0 , 3599
0.00 , 0 , 3604
0.00 , 0 , 3609
0.00 , 0 , 3613
0.00 , 0 , 3618
0.00 , 0 , 3623
0.00 , 0 , 3629
0.00 , 0 , 3633
0.00 , 0 , 3638
0.00 , 0 , 3643
0.00 , 0 , 3647
0.00 , 0 , 3652
0.00 , 0 , 3657
0.00 , 0 , 3662
0.00 , 0 , 3666
0.00 , 0 , 3672
0.00 , 0 , 3677
0.00 , 0 , 3681
0.00 , 0 , 3686
0.00 , 0 , 3691
0.00 , 0 , 3695
0.00 , 0 , 3700
0.00 , 0 , 3705
0.00 , 0 , 3710
0.00 , 0 , 3715
0.00 , 0 , 3720
0.00 , 0 , 3725
0.00 , 0 , 3729
0.00 , 0 , 3734
0.00 , 0 , 3739
0.00 , 0 , 3744
0.00 , 0 , 3748
0.00 , 0 , 3753
0.00 , 0 , 3759
0.00 , 0 , 3763
0.00 , 0 , 3768
0.00 , 0 , 3773
0.00 , 0 , 3777
0.00 , 0 , 3782
0.00 , 0 , 3787
0.00 , 0 , 3792
0.00 , 0 , 3796
0.00 , 0 , 3802
0.00 , 0 , 3807
0.00 , 0 , 3811
0.00 , 0 , 3816
0.00 , 0 , 3821
0.00 , 0 , 3826
0.00 , 0 , 3830
0.00 , 0 , 3835
0.00 , 0 , 3841
0.00 , 0 , 3845
0.00 , 0 , 3850
0.00 , 0 , 3855
0.00 , 0 , 3860
0.00 , 0 , 3864
0.00 , 0 , 3869
0.00 , 0 , 3874
0.00 , 0 , 3878
0.00 , 0 , 3884
0.00 , 0 , 3889
0.00 , 0 , 3893
0.00 , 0 , 3898
0.00 , 0 , 3903
0.00 , 0 , 3908
0.00 , 0 , 3912
0.00 , 0 , 3917
0.00 , 0 , 3922
0.00 , 0 , 3927
0.00 , 0 , 3932
0.00 , 0 , 3937
0.00 , 0 , 3942
0.00 , 0 , 3946
0.00 , 0 , 3951
0.00 , 0 , 3956
0.00 , 0 , 3960
0.00 , 0 , 3965
0.00 , 0 , 3971
0.00 , 0 , 3976
0.00 , 0 , 3980
0.00 , 0 , 3985
0.00 , 0 , 3990
0.00 , 0 , 3994
0.00 , 0 , 3999
0.00 , 0 , 4004
0.00 , 0 , 4008
0.00 , 0 , 4014
0.00 , 0 , 4019
0.00 , 0 , 4024
0.00 , 0 , 4028
0.00 , 0 , 4033
0.00 , 0 , 4038
0.00 , 0 , 4042
0.00 , 0 , 4047
0.00 , 0 , 4052
0.00 , 0 , 4058
0.00 , 0 , 4062
0.00 , 0 , 4067
0.00 , 0 , 4072
0.00 , 0 , 4076
0.00 , 0 , 4081
0.00 , 0 , 4086
0.00 , 0 , 4090
0.00 , 0 , 4096
0.00 , 0 , 4101
0.00 , 0 , 4106
0.00 , 0 , 4110
0.00 , 0 , 4115
0.00 , 0 , 4120
0.00 , 0 , 4124
0.00 , 0 , 4129
0.00 , 0 , 4134
0.00 , 0 , 4140
0.00 , 0 , 4144
0.00 , 0 , 4149
0.00 , 0 , 4154
0.00 , 0 , 4158
0.00 , 0 , 4163
0.00 , 0 , 4168
0.00 , 0 , 4172
0.00 , 0 , 4177
0.00 , 0 , 4183
0.00 , 0 , 4188
0.00 , 0 , 4192
0.00 , 0 , 4197
0.00 , 0 , 4202
0.00 , 0 , 4206
0.00 , 0 , 4211
0.00 , 0 , 4216
0.00 , 0 , 4221
0.00 , 0 , 4226
0.00 , 0 , 4231
0.00 , 0 , 4236
0.00 , 0 , 4240
0.00 , 0 , 4245
0.00 , 0 , 4250
0.00 , 0 , 4255
0.00 , 0 , 4259
0.00 , 0 , 4264
0.00 , 0 , 4270
0.00 , 0 , 4274
0.00 , 0 , 4279
0.00 , 0 , 4284
0.00 , 0 , 4288
0.00 , 0 , 4293
0.00 , 0 , 4298
0.00 , 0 , 4303
0.00 , 0 , 4307
0.00 , 0 , 4313
0.00 , 0 , 4318
0.00 , 0 , 4322
0.00 , 0 , 4327
0.00 , 0 , 4332
0.00 , 0 , 4337
0.00 , 0 , 4341
0.00 , 0 , 4346
0.00 , 0 , 4352
0.00 , 0 , 4356
0.00 , 0 , 4361
0.00 , 0 , 4366
0.00 , 0 , 4370
0.00 , 0 , 4375
0.00 , 0 , 4380
0.00 , 0 , 4385
0.00 , 0 , 4389
0.00 , 0 , 4395
0.00 , 0 , 4400
0.00 , 0 , 4404
0.00 , 0 , 4409
0.00 , 0 , 4414
0.00 , 0 , 4419
0.00 , 0 , 4423
0.00 , 0 , 4428
0.00 , 0 , 4433
0.00 , 0 , 4438
0.00 , 0 , 4443
0.00 , 0 , 4448
0.00 , 0 , 4452
0.00 , 0 , 4457
0.00 , 0 , 4462
0.00 , 0 , 4467
0.00 , 0 , 4471
0.00 , 0 , 4476
0.00 , 0 , 4482
0.00 , 0 , 4486
0.00 , 0 , 4491
0.00 , 0 , 4496
0.00 , 0 , 4501
0.00 , 0 , 4505
0.00 , 0 , 4510
0.00 , 0 , 4515
0.00 , 0 , 4519
0.00 , 0 , 4525
0.00 , 0 , 4530
0.00 , 0 , 4535
0.00 , 0 , 4539
0.00 , 0 , 4544
0.00 , 0 , 4549
0.00 , 0 , 4553
0.00 , 0 , 4558
0.00 , 0 , 4563
0.00 , 0 , 4568
0.00 , 0 , 4573
0.00 , 0 , 4578
0.00 , 0 , 4583
0.00 , 0 , 4587
0.00 , 0 , 4592
0.00 , 0 , 4597
0.00 , 0 , 4601
0.00 , 0 , 4606
0.00 , 0 , 4612
0.00 , 0 , 4617
0.00 , 0 , 4621
0.00 , 0 , 4626
0.00 , 0 , 4631
0.00 , 0 , 4635
0.00 , 0 , 4640
0.00 , 0 , 4645
0.00 , 0 , 4649
0.00 , 0 , 4655
0.00 , 0 , 4660
0.00 , 0 , 4665
0.00 , 0 , 4669
0.00 , 0 , 4674
0.00 , 0 , 4679
0.00 , 0 , 4683
0.00 , 0 , 4688
0.00 , 0 , 4694
0.00 , 0 , 4699
0.00 , 0 , 4703
0.00 , 0 , 4708
0.00 , 0 , 4713
0.00 , 0 , 4717
0.00 , 0 , 4722
0.00 , 0 , 4727
0.00 , 0 , 4731
0.00 , 0 , 4737
0.00 , 0 , 4742
0.00 , 0 , 4747
0.00 , 0 , 4751
0.00 , 0 , 4756
0.00 , 0 , 4761
0.00 , 0 , 4765
0.00 , 0 , 4770
0.00 , 0 , 4775
0.00 , 0 , 4781
0.00 , 0 , 4785
0.00 , 0 , 4790
0.00 , 0 , 4795
0.00 , 0 , 4799
0.00 , 0 , 4804
0.00 , 0 , 4809
0.00 , 0 , 4814
0.00 , 0 , 4818
0.00 , 0 , 4824
0.00 , 0 , 4829
0.00 , 0 , 4833
0.00 , 0 , 4838
0.00 , 0 , 4843
0.00 , 0 , 4847
0.00 , 0 , 4852
0.00 , 0 , 4857
0.00 , 0 , 4862
0.00 , 0 , 4867
0.00 , 0 , 4872
0.00 , 0 , 4877
0.00 , 0 , 4881
0.00 , 0 , 4886
0.00 , 0 , 4891
0.00 , 0 , 4896
0.00 , 0 , 4900
0.00 , 0 , 4905
0.00 , 0 , 4911
0.00 , 0 , 4915
0.00 , 0 , 4920
0.00 , 0 , 4925
0.00 , 0 , 4929
0.00 , 0 , 4934
0.00 , 0 , 4939
0.00 , 0 , 4944
0.00 , 0 , 4948
0.00 , 0 , 4954
0.00 , 0 , 4959
0.00 , 0 , 4963
0.00 , 0 , 4968
0.00 , 0 , 4973
0.00 , 0 , 4978
0.00 , 0 , 4982
0.00 , 0 , 4987
0.00 , 0 , 4993
0.00 , 0 , 4997
0.00 , 0 , 5002
0.00 , 0 , 5007
0.00 , 0 , 5011
0.00 , 0 , 5016
0.00 , 0 , 5021
0.00 , 0 , 5026
0.00 , 0 , 5030
0.00 , 0 , 5036
0.00 , 0 , 5041
0.00 , 0 , 5045
0.00 , 0 , 5050
0.00 , 0 , 5055
0.00 , 0 , 5060
0.00 , 0 , 5064
0.00 , 0 , 5069
0.00 , 0 , 5074
0.00 , 0 , 5079
0.00 , 0 , 5084
0.00 , 0 , 5089
0.00 , 0 , 5094
0.00 , 0 , 5098
0.00 , 0 , 5103
0.00 , 0 , 5108
0.00 , 0 , 5112
0.00 , 0 , 5117
0.00 , 0 , 5123
0.00 , 0 , 5127
0.00 , 0 , 5132
0.00 , 0 , 5137
0.00 , 0 , 5142
0.00 , 0 , 5146
0.00 , 0 , 5151
0.00 , 0 , 5156
0.00 , 0 , 5160
0.00 , 0 , 5166
0.00 , 0 , 5171
0.00 , 0 , 5176
0.00 , 0 , 5180
0.00 , 0 , 5185
0.00 , 0 , 5190
0.00 , 0 , 5194
0.00 , 0 , 5199
0.00 , 0 , 5204
0.00 , 0 , 5209
0.00 , 0 , 5214
0.00 , 0 , 5219
0.00 , 0 , 5224
0.00 , 0 , 5228
0.00 , 0 , 5233
0.00 , 0 , 5238
0.00 , 0 , 5242
0.00 , 0 , 5248
0.00 , 0 , 5253
0.00 , 0 , 5258
0.00 , 0 , 5262
0.00 , 0 , 5267
0.00 , 0 , 5272
0.00 , 0 , 5276
0.00 , 0 , 5281
0.00 , 0 , 5286
0.00 , 0 , 5291
0.00 , 0 , 5296
0.00 , 0 , 5301
0.00 , 0 , 5306
0.00 , 0 , 5310
0.00 , 0 , 5315
0.00 , 0 , 5320
0.00 , 0 , 5324
0.00 , 0 , 5329
0.00 , 0 , 5335
0.00 , 0 , 5340
0.00 , 0 , 5344
0.00 , 0 , 5349
0.00 , 0 , 5354
0.00 , 0 , 5358
0.00 , 0 , 5363
0.00 , 0 , 5368
0.00 , 0 , 5372
0.00 , 0 , 5378
0.00 , 0 , 5383
0.00 , 0 , 5388
0.00 , 0 , 5392
0.00 , 0 , 5397
0.00 , 0 , 5402
0.00 , 0 , 5406
0.00 , 0 , 5411
0.00 , 240 , 5416
0.00 , 240 , 5422
0.00 , 240 , 5427
0.00 , 240 , 5431
0.00 , 240 , 5436
0.00 , 240 , 5441
2.52 , 240 , 5446
5.05 , 240 , 5451
7.57 , 240 , 5455
8.84 , 240 , 5460
10.10 , 240 , 5466
10.10 , 240 , 5471
10.10 , 240 , 5476
11.36 , 240 , 5481
11.36 , 240 , 5486
11.36 , 240 , 5491
11.36 , 240 , 5496
12.62 , 240 , 5500
12.62 , 240 , 5506
13.88 , 240 , 5511
15.15 , 240 , 5516
16.41 , 240 , 5521
16.41 , 240 , 5526
16.41 , 240 , 5531
16.41 , 240 , 5536
16.41 , 240 , 5541
17.67 , 240 , 5545
18.93 , 240 , 5551
18.93 , 240 , 5556
20.19 , 0 , 5561
20.19 , 0 , 5566
20.19 , 0 , 5571
20.19 , 0 , 5576
18.93 , 0 , 5580
18.93 , 0 , 5585
17.67 , 0 , 5591
17.67 , 0 , 5596
16.41 , 0 , 5601
16.41 , 0 , 5605
15.15 , 0 , 5610
15.15 , 0 , 5615
15.15 , 0 , 5620
15.15 , 0 , 5625
15.15 , 0 , 5629
16.41 , 0 , 5635
16.41 , 0 , 5640
16.41 , 0 , 5645
16.41 , 0 , 5650
16.41 , 0 , 5654
16.41 , 0 , 5659
16.41 , 0 , 5664
16.41 , 0 , 5669
16.41 , 0 , 5675
16.41 , 0 , 5679
16.41 , 0 , 5684
16.41 , 0 , 5689
16.41 , 0 , 5694
16.41 , 0 , 5699
15.15 , 0 , 5703
15.15 , 0 , 5708
13.88 , 0 , 5713
12.62 , 0 , 5719
11.36 , 0 , 5724
10.10 , 0 , 5729
8.84 , 0 , 5733
7.57 , 0 , 5738
7.57 , 0 , 5743
6.31 , 0 , 5748
5.05 , 0 , 5752
3.79 , 0 , 5757
3.79 , 0 , 5763
2.52 , 0 , 5768
1.26 , 0 , 5772
1.26 , 0 , 5777
0.00 , 0 , 5782
0.00 , 0 , 5787
-1.26 , 0 , 5791
-1.26 , 0 , 5796
-2.52 , 0 , 5801
-2.52 , 0 , 5807
-2.52 , 0 , 5811
-2.52 , 0 , 5816
-1.26 , 0 , 5821
-1.26 , 0 , 5826
-1.26 , 0 , 5830
0.00 , 0 , 5835
0.00 , 0 , 5840
0.00 , 0 , 5844
0.00 , 0 , 5850
1.26 , 0 , 5855
1.26 , 0 , 5860
1.26 , 0 , 5864
1.26 , 0 , 5869
1.26 , 0 , 5874
2.52 , 0 , 5879
2.52 , 0 , 5883
2.52 , 0 , 5889
2.52 , 0 , 5894
2.52 , 0 , 5899
2.52 , 0 , 5903
2.52 , 0 , 5908
2.52 , 0 , 5913
2.52 , 0 , 5918
2.52 , 0 , 5922
2.52 , 0 , 5927
2.52 , 0 , 5933
2.52 , 0 , 5938
2.52 , 0 , 5943
2.52 , 0 , 5947
2.52 , 0 , 5952
2.52 , 0 , 5957
2.52 , 0 , 5962
2.52 , 0 , 5966
2.52 , 0 , 5971
2.52 , 0 , 5977
2.52 , 0 , 5982
2.52 , 0 , 5986
2.52 , 0 , 5991
2.52 , 0 , 5996
2.52 , 0 , 6001
2.52 , 0 , 6005
2.52 , 0 , 6010
2.52 , 0 , 6016
2.52 , 0 , 6021
2.52 , 0 , 6025
2.52 , 0 , 6030
2.52 , 0 , 6035
2.52 , 0 , 6040
2.52 , 0 , 6044
2.52 , 0 , 6049
2.52 , 0 , 6054
2.52 , 0 , 6060
2.52 , 0 , 6064
2.52 , 0 , 6069
2.52 , 0 , 6074
2.52 , 0 , 6079
2.52 , 0 , 6083
2.52 , 0 , 6088
2.52 , 0 , 6093
2.52 , 0 , 6098
2.52 , 0 , 6103
2.52 , 0 , 6108
2.52 , 0 , 6113
2.52 , 0 , 6118
2.52 , 0 , 6122
2.52 , 0 , 6127
2.52 , 0 , 6132
2.52 , 0 , 6137
2.52 , 0 , 6141
2.52 , 0 , 6147
2.52 , 0 , 6152
2.52 , 0 , 6157
2.52 , 0 , 6161
2.52 , 0 , 6166
2.52 , 0 , 6171
2.52 , 0 , 6176
2.52 , 0 , 6180
2.52 , 0 , 6185
2.52 , 0 , 6191
2.52 , 0 , 6196
2.52 , 0 , 6200
2.52 , 0 , 6205
2.52 , 0 , 6210
2.52 , 0 , 6215
2.52 , 0 , 6219
2.52 , 0 , 6224
2.52 , 0 , 6230
2.52 , 0 , 6235
2.52 , 0 , 6239
2.52 , 0 , 6244
2.52 , 0 , 6249
2.52 , 0 , 6254
2.52 , 0 , 6258
2.52 , 0 , 6263
2.52 , 0 , 6268
2.52 , 0 , 6274
2.52 , 0 , 6278
2.52 , 0 , 6283
2.52 , 0 , 6288
2.52 , 0 , 6293
2.52 , 0 , 6297
2.52 , 0 , 6302
2.52 , 0 , 6307
2.52 , 0 , 6312
2.52 , 0 , 6317
2.52 , 0 , 6322
2.52 , 0 , 6327
2.52 , 0 , 6332
2.52 , 0 , 6336
2.52 , 0 , 6341
2.52 , 0 , 6346
2.52 , 0 , 6351
2.52 , 0 , 6355
2.52 , 0 , 6361
2.52 , 0 , 6366
2.52 , 0 , 6371
2.52 , 0 , 6376
2.52 , 0 , 6380
2.52 , 0 , 6385
2.52 , 0 , 6390
2.52 , 0 , 6395
2.52 , 0 , 6400
2.52 , 0 , 6405
2.52 , 0 , 6410
2.52 , 0 , 6415
2.52 , 0 , 6419
2.52 , 0 , 6424
2.52 , 0 , 6429
2.52 , 0 , 6434
2.52 , 0 , 6438
2.52 , 0 , 6444
2.52 , 0 , 6449
2.52 , 0 , 6454
2.52 , 0 , 6458
2.52 , 0 , 6463
2.52 , 0 , 6468
2.52 , 0 , 6473
2.52 , 0 , 6477
2.52 , 0 , 6482
2.52 , 0 , 6488
2.52 , 0 , 6493
2.52 , 0 , 6497
2.52 , 0 , 6502
2.52 , 0 , 6507
2.52 , 0 , 6512
2.52 , 0 , 6516
2.52 , 0 , 6521
2.52 , 0 , 6526
2.52 , 0 , 6532
2.52 , 0 , 6536
2.52 , 0 , 6541
2.52 , 0 , 6546
2.52 , 0 , 6551
2.52 , 0 , 6555
2.52 , 0 , 6560
2.52 , 0 , 6565
2.52 , 0 , 6571
2.52 , 0 , 6575
2.52 , 0 , 6580
2.52 , 0 , 6585
2.52 , 0 , 6590
2.52 , 0 , 6594
2.52 , 0 , 6599
2.52 , 0 , 6604
2.52 , 0 , 6609
2.52 , 0 , 6614
2.52 , 0 , 6619
2.52 , 0 , 6624
2.52 , 0 , 6629
2.52 , 210 , 6634
3.79 , 210 , 6638
5.05 , 210 , 6643
6.31 , 210 , 6648
8.84 , 210 , 6653
10.10 , 210 , 6659
11.36 , 210 , 6664
11.36 , 210 , 6669
11.36 , 210 , 6673
11.36 , 210 , 6678
10.10 , 210 , 6683
11.36 , 210 , 6688
11.36 , 210 , 6693
12.62 , 210 , 6699
12.62 , 210 , 6704
12.62 , 210 , 6709
12.62 , 210 , 6714
12.62 , 210 , 6719
13.88 , 210 , 6723
16.41 , 210 , 6728
16.41 , 210 , 6733
17.67 , 210 , 6738
17.67 , 210 , 6744
16.41 , 210 , 6749
17.67 , 210 , 6754
18.93 , 210 , 6759
18.93 , 210 , 6764
18.93 , 210 , 6769
18.93 , 210 , 6773
17.67 , 210 , 6778
17.67 , 210 , 6784
18.93 , 210 , 6789
20.19 , 210 , 6794
21.46 , 210 , 6799
21.46 , 210 , 6804
20.19 , 210 , 6809
20.19 , 210 , 6814
20.19 , 210 , 6818
21.46 , 210 , 6823
22.72 , 210 , 6829
23.98 , 210 , 6834
23.98 , 210 , 6839
23.98 , 210 , 6844
25.24 , 210 , 6849
26.51 , 210 , 6854
27.77 , 210 , 6859
29.03 , 210 , 6864
29.03 , 210 , 6868
29.03 , 0 , 6874
29.03 , 0 , 6879
27.77 , 0 , 6884
27.77 , 0 , 6889
26.51 , 0 , 6894
26.51 , 0 , 6898
26.51 , 0 , 6903
25.24 , 0 , 6908
25.24 , 0 , 6914
25.24 , 0 , 6919
25.24 , 0 , 6923
23.98 , 0 , 6928
23.98 , 0 , 6933
23.98 , 0 , 6938
23.98 , 0 , 6943
23.98 , 0 , 6947
23.98 , 0 , 6952
23.98 , 0 , 6958
23.98 , 0 , 6963
23.98 , 0 , 6968
23.98 , 0 , 6972
23.98 , 0 , 6977
23.98 , 0 , 6982
23.98 , 0 , 6987
23.98 , 0 , 6992
23.98 , 0 , 6996
23.98 , 0 , 7002
23.98 , 0 , 7007
23.98 , 0 , 7012
22.72 , 0 , 7017
21.46 , 0 , 7021
20.19 , 0 , 7026
18.93 , 0 , 7031
17.67 , 0 , 7036
17.67 , 0 , 7042
16.41 , 0 , 7047
15.15 , 0 , 7051
13.88 , 0 , 7056
12.62 , 0 , 7061
12.62 , 0 , 7066
11.36 , 0 , 7071
10.10 , 0 , 7075
10.10 , 0 , 7080
8.84 , 0 , 7086
7.57 , 0 , 7091
6.31 , 0 , 7095
5.05 , 0 , 7100
3.79 , 0 , 7105
2.52 , 0 , 7110
1.26 , 0 , 7114
0.00 , 0 , 7119
-1.26 , 0 , 7124
-2.52 , 0 , 7130
-3.79 , 0 , 7134
-3.79 , 0 , 7139
-5.05 , 0 , 7144
-5.05 , 0 , 7149
-5.05 , 0 , 7154
-5.05 , 0 , 7158
-3.79 , 0 , 7163
-3.79 , 0 , 7169
-3.79 , 0 , 7174
-2.52 , 0 , 7178
-2.52 , 0 , 7183
-2.52 , 0 , 7188
-1.26 , 0 , 7193
-1.26 , 0 , 7197
0.00 , 0 , 7202
0.00 , 0 , 7207
0.00 , 0 , 7213
0.00 , 0 , 7217
0.00 , 0 , 7222
0.00 , 0 , 7227
1.26 , 0 , 7231
1.26 , 0 , 7236
1.26 , 0 , 7241
1.26 , 0 , 7246
1.26 , 0 , 7250
1.26 , 0 , 7256
1.26 , 0 , 7261
1.26 , 0 , 7266
1.26 , 0 , 7270
1.26 , 0 , 7275
1.26 , 0 , 7280
1.26 , 0 , 7285
1.26 , 0 , 7289
1.26 , 0 , 7294
1.26 , 0 , 7300
1.26 , 0 , 7305
1.26 , 0 , 7309
1.26 , 0 , 7314
1.26 , 0 , 7319
1.26 , 0 , 7324
1.26 , 0 , 7328
1.26 , 0 , 7333
1.26 , 0 , 7339
1.26 , 0 , 7344
1.26 , 0 , 7348
1.26 , 0 , 7353
1.26 , 0 , 7358
1.26 , 0 , 7363
1.26 , 0 , 7367
1.26 , 0 , 7372
1.26 , 0 , 7377
1.26 , 0 , 7383
1.26 , 0 , 7388
1.26 , 0 , 7392
1.26 , 0 , 7397
1.26 , 0 , 7402
1.26 , 0 , 7407
1.26 , 0 , 7411
1.26 , 0 , 7416
1.26 , 0 , 7421
1.26 , 0 , 7427
1.26 , 0 , 7431
1.26 , 0 , 7436
1.26 , 0 , 7441
1.26 , 0 , 7446
1.26 , 0 , 7450
1.26 , 0 , 7455
1.26 , 0 , 7460
1.26 , 0 , 7465
1.26 , 0 , 7470
1.26 , 0 , 7475
1.26 , 0 , 7480
1.26 , 0 , 7485
1.26 , 0 , 7489
1.26 , 0 , 7494
1.26 , 0 , 7499
1.26 , 0 , 7504
1.26 , 0 , 7508
1.26 , 0 , 7514
1.26 , 0 , 7519
1.26 , 0 , 7524
1.26 , 0 , 7528
1.26 , 0 , 7533
1.26 , 0 , 7538
1.26 , 0 , 7543
1.26 , 0 , 7547
1.26 , 0 , 7553
1.26 , 0 , 7558
1.26 , 0 , 7563
1.26 , 0 , 7567
1.26 , 0 , 7572
1.26 , 0 , 7577
1.26 , 0 , 7582
1.26 , 0 , 7586
1.26 , 0 , 7591
1.26 , 0 , 7597
1.26 , 0 , 7602
1.26 , 0 , 7606
1.26 , 0 , 7611
1.26 , 0 , 7616
1.26 , 0 , 7621
1.26 , 0 , 7625
1.26 , 0 , 7630
1.26 , 0 , 7635
1.26 , 0 , 7641
1.26 , 0 , 7645
1.26 , 0 , 7650
1.26 , 0 , 7655
1.26 , 0 , 7660
1.26 , 0 , 7665
1.26 , 0 , 7669
1.26 , 0 , 7674
1.26 , 0 , 7680
1.26 , 0 , 7685
1.26 , 0 , 7689
1.26 , 0 , 7694
1.26 , 0 , 7699
1.26 , 0 , 7704
1.26 , 0 , 7708
1.26 , 0 , 7713
1.26 , 0 , 7718
1.26 , 0 , 7724
1.26 , 0 , 7728
1.26 , 0 , 7733
1.26 , 0 , 7738
1.26 , 0 , 7743
1.26 , 0 , 7747
1.26 , 0 , 7752
1.26 , 0 , 7757
1.26 , 0 , 7762
1.26 , 0 , 7767
1.26 , 0 , 7772
1.26 , 0 , 7777
1.26 , 0 , 7782
1.26 , 0 , 7786
1.26 , 0 , 7791
1.26 , 0 , 7796
1.26 , 0 , 7801
1.26 , 0 , 7805
1.26 , 0 , 7811
1.26 , 0 , 7816
1.26 , 0 , 7821
1.26 , 0 , 7825
1.26 , 0 , 7830
1.26 , 0 , 7835
1.26 , 0 , 7840
1.26 , 0 , 7844
1.26 , 0 , 7849
1.26 , 0 , 7855
1.26 , 200 , 7860
1.26 , 200 , 7865
1.26 , 200 , 7869
1.26 , 200 , 7874
1.26 , 200 , 7879
1.26 , 200 , 7884
1.26 , 200 , 7889
2.52 , 200 , 7895
5.05 , 200 , 7900
8.84 , 200 , 7904
10.10 , 200 , 7909
10.10 , 200 , 7914
8.84 , 200 , 7919
7.57 , 200 , 7924
8.84 , 200 , 7929
10.10 , 200 , 7934
11.36 , 200 , 7940
11.36 , 200 , 7944
11.36 , 200 , 7949
11.36 , 200 , 7954
12.62 , 200 , 7959
13.88 , 200 , 7964
15.15 , 200 , 7969
16.41 , 200 , 7974
16.41 , 200 , 7980
15.15 , 200 , 7985
15.15 , 200 , 7990
16.41 , 200 , 7994
17.67 , 200 , 7999
18.93 , 200 , 8004
18.93 , 0 , 8009
18.93 , 0 , 8014
17.67 , 0 , 8019
16.41 , 0 , 8024
16.41 , 0 , 8029
15.15 , 0 , 8034
15.15 , 0 , 8039
13.88 , 0 , 8044
13.88 , 0 , 8048
12.62 , 0 , 8053
12.62 , 0 , 8058
11.36 , 0 , 8064
11.36 , 0 , 8069
11.36 , 0 , 8074
11.36 , 0 , 8078
11.36 , 0 , 8083
11.36 , 0 , 8088
11.36 , 0 , 8093
11.36 , 0 , 8098
11.36 , 0 , 8102
11.36 , 0 , 8108
11.36 , 0 , 8113
11.36 , 0 , 8118
11.36 , 0 , 8123
11.36 , 0 , 8127
11.36 , 0 , 8132
11.36 , 0 , 8137
10.10 , 0 , 8142
10.10 , 0 , 8147
8.84 , 0 , 8152
7.57 , 0 , 8157
6.31 , 0 , 8162
5.05 , 0 , 8167
3.79 , 0 , 8171
2.52 , 0 , 8176
2.52 , 0 , 8181
1.26 , 0 , 8186
0.00 , 0 , 8190
-1.26 , 0 , 8196
-1.26 , 0 , 8201
-2.52 , 0 , 8206
-2.52 , 0 , 8211
-3.79 , 0 , 8215
-3.79 , 0 , 8220
-3.79 , 0 , 8225
-2.52 , 0 , 8230
-2.52 , 0 , 8235
-2.52 , 0 , 8240
-2.52 , 0 , 8245
-2.52 , 0 , 8250
-1.26 , 0 , 8254
-1.26 , 0 , 8259
-1.26 , 0 , 8264
-1.26 , 0 , 8269
-1.26 , 0 , 8273
0.00 , 0 , 8279
0.00 , 0 , 8284
0.00 , 0 , 8289
0.00 , 0 , 8293
0.00 , 0 , 8298
0.00 , 0 , 8303
0.00 , 0 , 8307
0.00 , 0 , 8312
0.00 , 0 , 8317
0.00 , 0 , 8323
0.00 , 0 , 8327
0.00 , 0 , 8332
0.00 , 0 , 8337
0.00 , 0 , 8341
0.00 , 0 , 8346
0.00 , 0 , 8351
0.00 , 0 , 8356
0.00 , 0 , 8360
0.00 , 0 , 8364
0.00 , 0 , 8369
0.00 , 0 , 8373
0.00 , 0 , 8378
0.00 , 0 , 8383
0.00 , 0 , 8388
0.00 , 0 , 8392
0.00 , 0 , 8397
0.00 , 0 , 8402
0.00 , 0 , 8407
0.00 , 0 , 8412
0.00 , 0 , 8417
0.00 , 0 , 8421
0.00 , 0 , 8426
0.00 , 0 , 8431
0.00 , 0 , 8436
0.00 , 0 , 8440
0.00 , 0 , 8445
0.00 , 0 , 8451
0.00 , 0 , 8455
0.00 , 0 , 8460
0.00 , 0 , 8465
0.00 , 0 , 8470
0.00 , 0 , 8474
0.00 , 0 , 8479
0.00 , 0 , 8484
0.00 , 0 , 8488
0.00 , 0 , 8494
0.00 , 0 , 8499
0.00 , 0 , 8504
0.00 , 0 , 8508
0.00 , 0 , 8513
0.00 , 0 , 8518
0.00 , 0 , 8522
0.00 , 0 , 8527
0.00 , 0 , 8532
0.00 , 0 , 8538
0.00 , 0 , 8542
0.00 , 0 , 8547
0.00 , 0 , 8552
0.00 , 0 , 8556
0.00 , 0 , 8561
0.00 , 0 , 8566
0.00 , 0 , 8571
0.00 , 0 , 8576
0.00 , 0 , 8581
0.00 , 0 , 8586
0.00 , 0 , 8590
0.00 , 0 , 8595
0.00 , 0 , 8600
0.00 , 0 , 8605
0.00 , 0 , 8609
0.00 , 0 , 8614
0.00 , 0 , 8620
0.00 , 0 , 8624
0.00 , 0 , 8629
0.00 , 0 , 8634
0.00 , 0 , 8638
0.00 , 0 , 8643
0.00 , 0 , 8648
0.00 , 0 , 8653
0.00 , 0 , 8657
0.00 , 0 , 8663
0.00 , 0 , 8668
0.00 , 0 , 8672
0.00 , 0 , 8677
0.00 , 0 , 8682
0.00 , 0 , 8687
0.00 , 0 , 8691
0.00 , 0 , 8696
0.00 , 0 , 8701
0.00 , 0 , 8706
0.00 , 0 , 8711
0.00 , 0 , 8716
0.00 , 0 , 8721
0.00 , 0 , 8725
0.00 , 0 , 8730
0.00 , 0 , 8735
0.00 , 0 , 8739
0.00 , 0 , 8744
0.00 , 0 , 8750
0.00 , 0 , 8755
0.00 , 0 , 8759
0.00 , 0 , 8764
0.00 , 0 , 8769
0.00 , 0 , 8773
0.00 , 0 , 8778
0.00 , 0 , 8783
0.00 , 0 , 8788
0.00 , 0 , 8793
0.00 , 0 , 8798
0.00 , 0 , 8803
0.00 , 0 , 8807
0.00 , 0 , 8812
0.00 , 0 , 8817
0.00 , 0 , 8822
0.00 , 0 , 8826
0.00 , 0 , 8832
0.00 , 0 , 8837
0.00 , 0 , 8841
0.00 , 0 , 8846
0.00 , 0 , 8851
0.00 , 0 , 8855
0.00 , 0 , 8860
0.00 , 0 , 8865
0.00 , 0 , 8870
0.00 , 0 , 8875
0.00 , 0 , 8880
0.00 , 0 , 8885
0.00 , 0 , 8889
0.00 , 0 , 8894
0.00 , 0 , 8899
0.00 , 0 , 8904
0.00 , 0 , 8908
0.00 , 0 , 8913
0.00 , 0 , 8919
0.00 , 0 , 8923
0.00 , 0 , 8928
0.00 , 0 , 8933
0.00 , 0 , 8938
0.00 , 0 , 8942
0.00 , 0 , 8947
0.00 , 0 , 8952
0.00 , 0 , 8956
0.00 , 0 , 8962
0.00 , 0 , 8967
0.00 , 0 , 8972
0.00 , 0 , 8976
0.00 , 0 , 8981
0.00 , 0 , 8986
0.00 , 0 , 8990
0.00 , 0 , 8995
0.00 , 0 , 9000
0.00 , 0 , 9006
0.00 , 0 , 9010
0.00 , 0 , 9015
0.00 , 0 , 9020
0.00 , 0 , 9024
0.00 , 0 , 9029
0.00 , 0 , 9034
0.00 , 0 , 9039
0.00 , 0 , 9043
0.00 , 0 , 9049
0.00 , 0 , 9054
0.00 , 0 , 9058
0.00 , 0 , 9063
0.00 , 0 , 9068
0.00 , 0 , 9072
0.00 , 190 , 9077
0.00 , 190 , 9082
0.00 , 190 , 9088
0.00 , 190 , 9093
0.00 , 190 , 9097
1.26 , 190 , 9102
3.79 , 190 , 9107
7.57 , 190 , 9112
10.10 , 190 , 9117
11.36 , 190 , 9122
8.84 , 190 , 9127
7.57 , 190 , 9133
8.84 , 190 , 9137
10.10 , 190 , 9142
11.36 , 190 , 9147
11.36 , 190 , 9152
10.10 , 190 , 9157
10.10 , 190 , 9162
10.10 , 190 , 9167
12.62 , 190 , 9172
13.88 , 190 , 9178
15.15 , 190 , 9182
15.15 , 190 , 9187
13.88 , 190 , 9192
12.62 , 190 , 9197
12.62 , 190 , 9202
15.15 , 190 , 9207
16.41 , 0 , 9212
16.41 , 0 , 9218
15.15 , 0 , 9222
13.88 , 0 , 9227
12.62 , 0 , 9232
11.36 , 0 , 9237
10.10 , 0 , 9242
8.84 , 0 , 9246
7.57 , 0 , 9251
6.31 , 0 , 9256
6.31 , 0 , 9262
6.31 , 0 , 9266
6.31 , 0 , 9271
6.31 , 0 , 9276
7.57 , 0 , 9281
7.57 , 0 , 9285
7.57 , 0 , 9290
7.57 , 0 , 9295
7.57 , 0 , 9300
7.57 , 0 , 9305
7.57 , 0 , 9310
7.57 , 0 , 9315
7.57 , 0 , 9320
7.57 , 0 , 9325
7.57 , 0 , 9329
7.57 , 0 , 9334
6.31 , 0 , 9339
6.31 , 0 , 9345
5.05 , 0 , 9349
3.79 , 0 , 9354
2.52 , 0 , 9359
2.52 , 0 , 9364
1.26 , 0 , 9368
0.00 , 0 , 9373
-1.26 , 0 , 9378
-1.26 , 0 , 9383
-2.52 , 0 , 9388
-3.79 , 0 , 9393
-3.79 , 0 , 9398
-5.05 , 0 , 9403
-5.05 , 0 , 9407
-5.05 , 0 , 9412
-5.05 , 0 , 9417
-5.05 , 0 , 9422
-3.79 , 0 , 9426
-3.79 , 0 , 9432
-3.79 , 0 , 9437
-3.79 , 0 , 9442
-2.52 , 0 , 9447
-2.52 , 0 , 9451
-2.52 , 0 , 9456
-2.52 , 0 , 9461
-2.52 , 0 , 9466
-2.52 , 0 , 9470
-1.26 , 0 , 9476
-1.26 , 0 , 9481
-1.26 , 0 , 9486
-1.26 , 0 , 9490
-1.26 , 0 , 9495
-1.26 , 0 , 9500
-1.26 , 0 , 9505
-1.26 , 0 , 9509
-1.26 , 0 , 9515
-1.26 , 0 , 9520
-1.26 , 0 , 9525
-1.26 , 0 , 9529
-1.26 , 0 , 9534
-1.26 , 0 , 9539
-1.26 , 0 , 9544
-1.26 , 0 , 9549
-1.26 , 0 , 9553
-1.26 , 0 , 9559
-1.26 , 0 , 9564
-1.26 , 0 , 9569
-1.26 , 0 , 9573
-1.26 , 0 , 9578
-1.26 , 0 , 9583
-1.26 , 0 , 9588
-1.26 , 0 , 9592
-1.26 , 0 , 9597
-1.26 , 0 , 9603
-1.26 , 0 , 9608
-1.26 , 0 , 9612
-1.26 , 0 , 9617
-1.26 , 0 , 9622
-1.26 , 0 , 9627
-1.26 , 0 , 9631
-1.26 , 0 , 9636
-1.26 , 0 , 9641
-1.26 , 0 , 9647
-1.26 , 0 , 9651
-1.26 , 0 , 9656
-1.26 , 0 , 9661
-1.26 , 0 , 9666
-1.26 , 0 , 9671
-1.26 , 0 , 9675
-1.26 , 0 , 9680
-1.26 , 0 , 9686
-1.26 , 0 , 9691
-1.26 , 0 , 9695
-1.26 , 0 , 9700
-1.26 , 0 , 9705
-1.26 , 0 , 9710
-1.26 , 0 , 9714
-1.26 , 0 , 9719
-1.26 , 0 , 9724
-1.26 , 0 , 9730
-1.26 , 0 , 9734
-1.26 , 0 , 9739
-1.26 , 0 , 9744
-1.26 , 0 , 9749
-1.26 , 0 , 9753
-1.26 , 0 , 9758
-1.26 , 0 , 9763
-1.26 , 0 , 9768
-1.26 , 0 , 9774
-1.26 , 0 , 9778
-1.26 , 0 , 9783
-1.26 , 0 , 9788
-1.26 , 0 , 9793
-1.26 , 0 , 9797
-1.26 , 0 , 9802
-1.26 , 0 , 9807
-1.26 , 0 , 9812
-1.26 , 0 , 9817
-1.26 , 0 , 9822
-1.26 , 0 , 9827
-1.26 , 0 , 9832
-1.26 , 0 , 9836
-1.26 , 0 , 9841
-1.26 , 0 , 9846
-1.26 , 0 , 9851
-1.26 , 0 , 9856
-1.26 , 0 , 9861
-1.26 , 0 , 9866
-1.26 , 0 , 9871
-1.26 , 0 , 9876
-1.26 , 0 , 9880
-1.26 , 0 , 9885
-1.26 , 0 , 9890
-1.26 , 0 , 9895
-1.26 , 0 , 9900
-1.26 , 0 , 9905
-1.26 , 0 , 9910
-1.26 , 0 , 9915
-1.26 , 0 , 9919
-1.26 , 0 , 9924
-1.26 , 0 , 9929
-1.26 , 0 , 9934
-1.26 , 0 , 9938
-1.26 , 0 , 9944
-1.26 , 0 , 9949
-1.26 , 0 , 9954
-1.26 , 0 , 9958
-1.26 , 0 , 9963
-1.26 , 0 , 9968
-1.26 , 0 , 9973
-1.26 , 0 , 9977
-1.26 , 0 , 9982
-1.26 , 0 , 9988
-1.26 , 0 , 9993
-1.26 , 0 , 9998
-1.26 , 0 , 10002
-1.26 , 0 , 10007
-1.26 , 0 , 10012
-1.26 , 0 , 10017
-1.26 , 0 , 10022
-1.26 , 0 , 10027
-1.26 , 0 , 10032
-1.26 , 0 , 10037
-1.26 , 0 , 10042
-1.26 , 0 , 10047
-1.26 , 0 , 10051
-1.26 , 0 , 10056
-1.26 , 0 , 10061
-1.26 , 0 , 10066
-1.26 , 0 , 10072
-1.26 , 0 , 10076
-1.26 , 0 , 10081
-1.26 , 0 , 10086
-1.26 , 0 , 10091
-1.26 , 0 , 10096
-1.26 , 0 , 10101
-1.26 , 0 , 10105
-1.26 , 0 , 10110
-1.26 , 0 , 10116
-1.26 , 0 , 10121
-1.26 , 0 , 10126
-1.26 , 0 , 10130
-1.26 , 0 , 10135
-1.26 , 0 , 10140
-1.26 , 0 , 10145
-1.26 , 0 , 10150
-1.26 , 0 , 10155
-1.26 , 0 , 10160
-1.26 , 0 , 10165
-1.26 , 0 , 10170
-1.26 , 0 , 10175
-1.26 , 0 , 10180
-1.26 , 0 , 10184
-1.26 , 0 , 10189
-1.26 , 0 , 10194
-1.26 , 0 , 10200
-1.26 , 0 , 10205
-1.26 , 0 , 10209
-1.26 , 0 , 10214
-1.26 , 0 , 10219
-1.26 , 0 , 10224
-1.26 , 0 , 10229
-1.26 , 0 , 10234
-1.26 , 0 , 10238
-1.26 , 0 , 10244
-1.26 , 0 , 10249
-1.26 , 0 , 10254
-1.26 , 0 , 10259
-1.26 , 0 , 10263
-1.26 , 0 , 10268
-1.26 , 0 , 10273
-1.26 , 0 , 10278
-1.26 , 0 , 10284
-1.26 , 0 , 10288
-1.26 , 0 , 10293
-1.26 , 0 , 10298
-1.26 , 0 , 10302
-1.26 , 0 , 10306
-1.26 , 0 , 10310
-1.26 , 0 , 10314
-1.26 , 0 , 10318
-1.26 , 0 , 10322
-1.26 , 0 , 10326
-1.26 , 0 , 10330
-1.26 , 0 , 10334
-1.26 , 0 , 10338
-1.26 , 0 , 10342
-1.26 , 0 , 10346
-1.26 , 0 , 10350
-1.26 , 0 , 10354
-1.26 , 0 , 10358
-1.26 , 0 , 10362
-1.26 , 0 , 10366
-1.26 , 0 , 10370
-1.26 , 0 , 10374
-1.26 , 0 , 10378
-1.26 , 0 , 10382
-1.26 , 0 , 10386
-1.26 , 0 , 10390
-1.26 , 0 , 10394
-1.26 , 0 , 10398
-1.26 , 0 , 10402
-1.26 , 0 , 10406
-1.26 , 0 , 10411
-1.26 , 0 , 10415
-1.26 , 0 , 10419
-1.26 , 0 , 10423
-1.26 , 0 , 10427
-1.26 , 0 , 10431
-1.26 , 0 , 10435
-1.26 , 0 , 10439
-1.26 , 0 , 10443
-1.26 , 0 , 10447
-1.26 , 0 , 10451
-1.26 , 0 , 10455
-1.26 , 0 , 10459
-1.26 , 0 , 10463
-1.26 , 0 , 10467
-1.26 , 0 , 10471
-1.26 , 0 , 10475
-1.26 , 0 , 10479
-1.26 , 0 , 10483
-1.26 , 0 , 10487
-1.26 , 0 , 10491
-1.26 , 0 , 10496
-1.26 , 0 , 10500
-1.26 , 0 , 10504
-1.26 , 0 , 10508
-1.26 , 0 , 10512
-1.26 , 0 , 10516
-1.26 , 0 , 10520
-1.26 , 0 , 10524
-1.26 , 0 , 10528
-1.26 , 0 , 10532
-1.26 , 0 , 10536
-1.26 , 0 , 10540
-1.26 , 0 , 10544
-1.26 , 0 , 10548
-1.26 , 0 , 10552
-1.26 , 0 , 10556
-1.26 , 0 , 10560
-1.26 , 0 , 10564
-1.26 , 0 , 10568
-1.26 , 0 , 10572
-1.26 , 0 , 10576
-1.26 , 0 , 10580
-1.26 , 0 , 10584
-1.26 , 0 , 10588
-1.26 , 0 , 10592
-1.26 , 0 , 10596
-1.26 , 0 , 10600
-1.26 , 0 , 10604
-1.26 , 0 , 10608
-1.26 , 0 , 10612
-1.26 , 0 , 10616
-1.26 , 0 , 10620
-1.26 , 0 , 10624
-1.26 , 0 , 10628
-1.26 , 0 , 10632
-1.26 , 0 , 10636
-1.26 , 0 , 10640
-1.26 , 0 , 10644
-1.26 , 0 , 10648
-1.26 , 0 , 10652
-1.26 , 0 , 10656
-1.26 , 0 , 10660
-1.26 , 0 , 10664
-1.26 , 0 , 10668
-1.26 , 0 , 10672
-1.26 , 0 , 10676
-1.26 , 0 , 10680
-1.26 , 0 , 10684
-1.26 , 0 , 10688
-1.26 , 0 , 10692
-1.26 , 0 , 10696
-1.26 , 0 , 10700
-1.26 , 0 , 10704
-1.26 , 0 , 10708
-1.26 , 0 , 10712
-1.26 , 0 , 10716
-1.26 , 0 , 10720
-1.26 , 0 , 10724
-1.26 , 0 , 10728
-1.26 , 0 , 10732
-1.26 , 0 , 10736
-1.26 , 0 , 10740
-1.26 , 0 , 10744
-1.26 , 0 , 10748
-1.26 , 0 , 10752
-1.26 , 0 , 10756
-1.26 , 0 , 10760
-1.26 , 0 , 10764
-1.26 , 0 , 10768
-1.26 , 0 , 10772
-1.26 , 0 , 10776
-1.26 , 0 , 10780
-1.26 , 0 , 10784
-1.26 , 0 , 10788
-1.26 , 0 , 10792
-1.26 , 0 , 10796
-1.26 , 0 , 10800
-1.26 , 0 , 10804
-1.26 , 0 , 10808
-1.26 , 0 , 10812
-1.26 , 0 , 10816
-1.26 , 0 , 10820
-1.26 , 0 , 10824
-1.26 , 0 , 10828
-1.26 , 0 , 10832
-1.26 , 0 , 10836
-1.26 , 0 , 10840
-1.26 , 0 , 10844
-1.26 , 0 , 10848
-1.26 , 0 , 10852
-1.26 , 0 , 10856
-1.26 , 0 , 10860
-1.26 , 0 , 10864
-1.26 , 0 , 10868
-1.26 , 0 , 10872
-1.26 , 0 , 10876
-1.26 , 0 , 10880
-1.26 , 0 , 10884
-1.26 , 0 , 10888
-1.26 , 0 , 10892
-1.26 , 0 , 10896
-1.26 , 0 , 10900
-1.26 , 0 , 10904
-1.26 , 0 , 10908
-1.26 , 0 , 10912
-1.26 , 0 , 10916
-1.26 , 0 , 10920
-1.26 , 0 , 10924
-1.26 , 0 , 10928
-1.26 , 0 , 10932
-1.26 , 0 , 10936
-1.26 , 0 , 10940
-1.26 , 0 , 10944
-1.26 , 0 , 10948
-1.26 , 0 , 10952
-1.26 , 0 , 10956
-1.26 , 0 , 10960
-1.26 , 0 , 10964
-1.26 , 0 , 10968
-1.26 , 0 , 10972
-1.26 , 0 , 10976
-1.26 , 0 , 10980
-1.26 , 0 , 10984
-1.26 , 0 , 10988
-1.26 , 0 , 10992
-1.26 , 0 , 10996
-1.26 , 0 , 11000
-1.26 , 0 , 11004
-1.26 , 0 , 11008
-1.26 , 0 , 11012
-1.26 , 0 , 11016
-1.26 , 0 , 11020
-1.26 , 0 , 11024
-1.26 , 0 , 11028
-1.26 , 0 , 11032
-1.26 , 0 , 11036
-1.26 , 0 , 11040
-1.26 , 0 , 11044
-1.26 , 0 , 11048
-1.26 , 0 , 11052
-1.26 , 0 , 11056
-1.26 , 0 , 11060
-1.26 , 0 , 11064
-1.26 , 0 , 11068
-1.26 , 0 , 11072
-1.26 , 0 , 11076
-1.26 , 0 , 11080
-1.26 , 0 , 11084
-1.26 , 0 , 11088
-1.26 , 0 , 11092
-1.26 , 0 , 11096
-1.26 , 0 , 11100
-1.26 , 0 , 11104
-1.26 , 0 , 11108
-1.26 , 0 , 11112
-1.26 , 0 , 11116
-1.26 , 0 , 11120
-1.26 , 0 , 11124
-1.26 , 0 , 11128
-1.26 , 0 , 11132
-1.26 , 0 , 11136
-1.26 , 0 , 11140
-1.26 , 0 , 11144
-1.26 , 0 , 11148
-1.26 , 0 , 11152
-1.26 , 0 , 11156
-1.26 , 0 , 11160
-1.26 , 0 , 11164
-1.26 , 0 , 11168
-1.26 , 0 , 11172
-1.26 , 0 , 11176
-1.26 , 0 , 11180
-1.26 , 0 , 11184
-1.26 , 0 , 11188
-1.26 , 0 , 11192
-1.26 , 0 , 11196
-1.26 , 0 , 11200
-1.26 , 0 , 11204
-1.26 , 0 , 11208
-1.26 , 0 , 11212
-1.26 , 0 , 11216
-1.26 , 0 , 11220
-1.26 , 0 , 11224
-1.26 , 0 , 11228
-1.26 , 0 , 11232
-1.26 , 0 , 11236
-1.26 , 0 , 11240
-1.26 , 0 , 11244
-1.26 , 0 , 11248
-1.26 , 0 , 11252
-1.26 , 0 , 11256
-1.26 , 0 , 11260
-1.26 , 0 , 11264
-1.26 , 0 , 11268
-1.26 , 0 , 11272
-1.26 , 0 , 11276
-1.26 , 0 , 11280
-1.26 , 0 , 11284
-1.26 , 0 , 11288
-1.26 , 0 , 11292
-1.26 , 0 , 11296
-1.26 , 0 , 11300
-1.26 , 0 , 11304
-1.26 , 0 , 11308
-1.26 , 0 , 11312
-1.26 , 0 , 11316
-1.26 , 0 , 11320
-1.26 , 0 , 11324
-1.26 , 0 , 11328
-1.26 , 0 , 11332
-1.26 , 0 , 11336
-1.26 , 0 , 11340
-1.26 , 0 , 11344
-1.26 , 0 , 11348
-1.26 , 0 , 11352
-1.26 , 0 , 11356
-1.26 , 0 , 11360
-1.26 , 0 , 11364
-1.26 , 0 , 11368
-1.26 , 0 , 11372
-1.26 , 0 , 11376
-1.26 , 0 , 11380
-1.26 , 0 , 11384
-1.26 , 0 , 11388
-1.26 , 0 , 11392
-1.26 , 0 , 11396
-1.26 , 0 , 11400
-1.26 , 0 , 11404
-1.26 , 0 , 11408
-1.26 , 0 , 11412
-1.26 , 0 , 11416
-1.26 , 0 , 11420
-1.26 , 0 , 11424
-1.26 , 0 , 11428
-1.26 , 0 , 11432
-1.26 , 0 , 11436
-1.26 , 0 , 11440
-1.26 , 0 , 11444
-1.26 , 0 , 11448
-1.26 , 0 , 11452
-1.26 , 0 , 11456
-1.26 , 0 , 11460
-1.26 , 0 , 11464
-1.26 , 0 , 11468
-1.26 , 0 , 11472
-1.26 , 0 , 11476
-1.26 , 0 , 11480
-1.26 , 0 , 11484
-1.26 , 0 , 11488
-1.26 , 0 , 11492
-1.26 , 0 , 11496
-1.26 , 0 , 11500
-1.26 , 0 , 11504
-1.26 , 0 , 11508
-1.26 , 0 , 11512
-1.26 , 0 , 11516
-1.26 , 0 , 11520
-1.26 , 0 , 11524
-1.26 , 0 , 11528
-1.26 , 0 , 11532
-1.26 , 0 , 11536
-1.26 , 0 , 11540
-1.26 , 0 , 11544
-1.26 , 0 , 11548
-1.26 , 0 , 11552
-1.26 , 0 , 11556
-1.26 , 0 , 11560
-1.26 , 0 , 11564
-1.26 , 0 , 11568
-1.26 , 0 , 11572
-1.26 , 0 , 11576
-1.26 , 0 , 11580
-1.26 , 0 , 11584
-1.26 , 0 , 11588
-1.26 , 0 , 11592
-1.26 , 0 , 11596
-1.26 , 0 , 11600
-1.26 , 0 , 11604
-1.26 , 0 , 11608
-1.26 , 0 , 11612
-1.26 , 0 , 11616
-1.26 , 0 , 11620
-1.26 , 0 , 11624
-1.26 , 0 , 11628
-1.26 , 0 , 11632
-1.26 , 0 , 11636
-1.26 , 0 , 11640
-1.26 , 0 , 11644
-1.26 , 0 , 11648
-1.26 , 0 , 11652
-1.26 , 0 , 11656
-1.26 , 0 , 11660
-1.26 , 0 , 11664
-1.26 , 0 , 11668
-1.26 , 0 , 11672
-1.26 , 0 , 11676
-1.26 , 0 , 11680
-1.26 , 0 , 11684
-1.26 , 0 , 11688
-1.26 , 0 , 11692
-1.26 , 0 , 11696
-1.26 , 0 , 11700
-1.26 , 0 , 11704
-1.26 , 0 , 11708
-1.26 , 0 , 11712
-1.26 , 0 , 11716
-1.26 , 0 , 11720
-1.26 , 0 , 11724
-1.26 , 0 , 11728
-1.26 , 0 , 11732
-1.26 , 0 , 11736
-1.26 , 0 , 11740
-1.26 , 0 , 11744
-1.26 , 0 , 11748
-1.26 , 0 , 11752
-1.26 , 0 , 11756
-1.26 , 0 , 11760
-1.26 , 0 , 11764
-1.26 , 0 , 11768
-1.26 , 0 , 11772
-1.26 , 0 , 11776
-1.26 , 0 , 11780
-1.26 , 0 , 11784
-1.26 , 0 , 11788
-1.26 , 0 , 11792
-1.26 , 0 , 11796
-1.26 , 0 , 11800
-1.26 , 0 , 11804
-1.26 , 0 , 11808
-1.26 , 0 , 11812
-1.26 , 0 , 11816
-1.26 , 0 , 11820
-1.26 , 0 , 11824
-1.26 , 0 , 11828
-1.26 , 0 , 11832
-1.26 , 0 , 11836
-1.26 , 0 , 11840
-1.26 , 0 , 11844
-1.26 , 0 , 11848
-1.26 , 0 , 11852
-1.26 , 0 , 11856
-1.26 , 0 , 11860
-1.26 , 0 , 11864
-1.26 , 0 , 11868
-1.26 , 0 , 11872
-1.26 , 0 , 11876
-1.26 , 0 , 11880
-1.26 , 0 , 11884
-1.26 , 0 , 11888
-1.26 , 0 , 11892
-1.26 , 0 , 11896
-1.26 , 0 , 11900
-1.26 , 0 , 11904
-1.26 , 0 , 11908
-1.26 , 0 , 11912
-1.26 , 0 , 11916
-1.26 , 0 , 11920
-1.26 , 0 , 11924
-1.26 , 0 , 11928
-1.26 , 0 , 11932
-1.26 , 0 , 11936
-1.26 , 0 , 11940
-1.26 , 0 , 11944
-1.26 , 0 , 11948
-1.26 , 0 , 11952
-1.26 , 0 , 11956
-1.26 , 0 , 11960
-1.26 , 0 , 11964
-1.26 , 0 , 11968
-1.26 , 0 , 11972
-1.26 , 0 , 11976
-1.26 , 0 , 11980
-1.26 , 0 , 11984
-1.26 , 0 , 11988
-1.26 , 0 , 11992
-1.26 , 0 , 11996
-1.26 , 0 , 12000
-1.26 , 0 , 12004
-1.26 , 0 , 12008
-1.26 , 0 , 12012
-1.26 , 0 , 12016
-1.26 , 0 , 12020
-1.26 , 0 , 12024
-1.26 , 0 , 12028
-1.26 , 0 , 12032
-1.26 , 0 , 12036
-1.26 , 0 , 12040
-1.26 , 0 , 12044
-1.26 , 0 , 12048
-1.26 , 0 , 12052
-1.26 , 0 , 12056
-1.26 , 0 , 12060
-1.26 , 0 , 12064
-1.26 , 0 , 12068
-1.26 , 0 , 12072
-1.26 , 0 , 12076
-1.26 , 0 , 12080
-1.26 , 0 , 12084
-1.26 , 0 , 12088
-1.26 , 0 , 12092
-1.26 , 0 , 12096
-1.26 , 0 , 12100
-1.26 , 0 , 12104
-1.26 , 0 , 12108
-1.26 , 0 , 12112
-1.26 , 0 , 12116
-1.26 , 0 , 12120
-1.26 , 0 , 12124
-1.26 , 0 , 12128
-1.26 , 0 , 12132
-1.26 , 0 , 12136
-1.26 , 0 , 12140
-1.26 , 0 , 12144
-1.26 , 0 , 12148
-1.26 , 0 , 12152
-1.26 , 0 , 12156
-1.26 , 0 , 12160
-1.26 , 0 , 12164
-1.26 , 0 , 12168
-1.26 , 0 , 12172
-1.26 , 0 , 12176
-1.26 , 0 , 12180
-1.26 , 0 , 12184
-1.26 , 0 , 12188
-1.26 , 0 , 12192
-1.26 , 0 , 12196
-1.26 , 0 , 12200
-1.26 , 0 , 12204
-1.26 , 0 , 12208
-1.26 , 0 , 12212
-1.26 , 0 , 12216
-1.26 , 0 , 12220
-1.26 , 0 , 12224
-1.26 , 0 , 12228
-1.26 , 0 , 12232
-1.26 , 0 , 12236
-1.26 , 0 , 12240
-1.26 , 0 , 12244
-1.26 , 0 , 12248
-1.26 , 0 , 12252
-1.26 , 0 , 12256
-1.26 , 0 , 12260
-1.26 , 0 , 12264
-1.26 , 0 , 12268
-1.26 , 0 , 12272
-1.26 , 0 , 12276
-1.26 , 0 , 12280
-1.26 , 0 , 12284
-1.26 , 0 , 12288
-1.26 , 0 , 12292
-1.26 , 0 , 12296
-1.26 , 0 , 12300
-1.26 , 0 , 12304
-1.26 , 0 , 12308
-1.26 , 0 , 12312
-1.26 , 0 , 12316
-1.26 , 0 , 12320
-1.26 , 0 , 12324
-1.26 , 0 , 12328
-1.26 , 0 , 12332
-1.26 , 0 , 12336
-1.26 , 0 , 12340
-1.26 , 0 , 12344
-1.26 , 0 , 12348
-1.26 , 0 , 12352
-1.26 , 0 , 12356
-1.26 , 0 , 12360
-1.26 , 0 , 12364
-1.26 , 0 , 12368
-1.26 , 0 , 12372
-1.26 , 0 , 12376
-1.26 , 0 , 12380
-1.26 , 0 , 12384
-1.26 , 0 , 12388
-1.26 , 0 , 12392
-1.26 , 0 , 12396
-1.26 , 0 , 12400
-1.26 , 0 , 12404
-1.26 , 0 , 12408
-1.26 , 0 , 12412
-1.26 , 0 , 12416
-1.26 , 0 , 12420
-1.26 , 0 , 12424
-1.26 , 0 , 12428
-1.26 , 0 , 12432
-1.26 , 0 , 12436
-1.26 , 0 , 12440
-1.26 , 0 , 12444
-1.26 , 0 , 12448
-1.26 , 0 , 12452
-1.26 , 0 , 12456
-1.26 , 0 , 12460
-1.26 , 0 , 12464
-1.26 , 0 , 12468
-1.26 , 0 , 12472
-1.26 , 0 , 12476
-1.26 , 0 , 12480
-1.26 , 0 , 12484
-1.26 , 0 , 12488
-1.26 , 0 , 12492
-1.26 , 0 , 12496
-1.26 , 0 , 12500
-1.26 , 0 , 12504
-1.26 , 0 , 12508
-1.26 , 0 , 12512
-1.26 , 0 , 12516
-1.26 , 0 , 12520
-1.26 , 0 , 12524
-1.26 , 0 , 12528
-1.26 , 0 , 12532
-1.26 , 0 , 12536
-1.26 , 0 , 12540
-1.26 , 0 , 12544
-1.26 , 0 , 12548
-1.26 , 0 , 12552
-1.26 , 0 , 12556
-1.26 , 0 , 12560
-1.26 , 0 , 12564
-1.26 , 0 , 12568
-1.26 , 0 , 12572
-1.26 , 0 , 12576
-1.26 , 0 , 12580
-1.26 , 0 , 12584
-1.26 , 0 , 12588
-1.26 , 0 , 12592
-1.26 , 0 , 12596
-1.26 , 0 , 12600
-1.26 , 0 , 12604
-1.26 , 0 , 12608
-1.26 , 0 , 12612
-1.26 , 0 , 12616
-1.26 , 0 , 12620
-1.26 , 0 , 12624
-1.26 , 0 , 12628
-1.26 , 0 , 12632
-1.26 , 0 , 12636
-1.26 , 0 , 12640
-1.26 , 0 , 12644
-1.26 , 0 , 12648
-1.26 , 0 , 12652
-1.26 , 0 , 12656
-1.26 , 0 , 12660
-1.26 , 0 , 12664
-1.26 , 0 , 12668
-1.26 , 0 , 12672
-1.26 , 0 , 12676
-1.26 , 0 , 12680
-1.26 , 0 , 12684
-1.26 , 0 , 12688
-1.26 , 0 , 12692
-1.26 , 0 , 12696
-1.26 , 0 , 12700
-1.26 , 0 , 12704
-1.26 , 0 , 12708
-1.26 , 0 , 12712
-1.26 , 0 , 12716
-1.26 , 0 , 12720
-1.26 , 0 , 12724
-1.26 , 0 , 12728
-1.26 , 0 , 12732
-1.26 , 0 , 12736
-1.26 , 0 , 12740
-1.26 , 0 , 12744
-1.26 , 0 , 12748
-1.26 , 0 , 12752
-1.26 , 0 , 12756
-1.26 , 0 , 12760
-1.26 , 0 , 12764
-1.26 , 0 , 12768
-1.26 , 0 , 12772
-1.26 , 0 , 12776
-1.26 , 0 , 12780
-1.26 , 0 , 12784
-1.26 , 0 , 12788
-1.26 , 0 , 12792
-1.26 , 0 , 12796
-1.26 , 0 , 12800
-1.26 , 0 , 12804
-1.26 , 0 , 12808
-1.26 , 0 , 12812
-1.26 , 0 , 12816
-1.26 , 0 , 12820
-1.26 , 0 , 12824
-1.26 , 0 , 12828
-1.26 , 0 , 12832
-1.26 , 0 , 12836
-1.26 , 0 , 12840
-1.26 , 0 , 12844
-1.26 , 0 , 12848
-1.26 , 0 , 12852
-1.26 , 0 , 12856
-1.26 , 0 , 12860
-1.26 , 0 , 12864
-1.26 , 0 , 12868
-1.26 , 0 , 12872
-1.26 , 0 , 12876
-1.26 , 0 , 12880
-1.26 , 0 , 12884
-1.26 , 0 , 12888
-1.26 , 0 , 12892
-1.26 , 0 , 12896
-1.26 , 0 , 12900
-1.26 , 0 , 12904
-1.26 , 0 , 12908
-1.26 , 0 , 12912
-1.26 , 0 , 12916
-1.26 , 0 , 12920
-1.26 , 0 , 12924
-1.26 , 0 , 12928
-1.26 , 0 , 12932
-1.26 , 0 , 12936
-1.26 , 0 , 12940
-1.26 , 0 , 12944
-1.26 , 0 , 12948
-1.26 , 0 , 12952
-1.26 , 0 , 12956
-1.26 , 0 , 12960
-1.26 , 0 , 12964
-1.26 , 0 , 12968
-1.26 , 0 , 12972
-1.26 , 0 , 12976
-1.26 , 0 , 12980
-1.26 , 0 , 12984
-1.26 , 0 , 12988
-1.26 , 0 , 12992
-1.26 , 0 , 12996
-1.26 , 0 , 13000
-1.26 , 0 , 13004
-1.26 , 0 , 13008
-1.26 , 0 , 13012
-1.26 , 0 , 13016
-1.26 , 0 , 13020
-1.26 , 0 , 13024
-1.26 , 0 , 13028
-1.26 , 0 , 13032
-1.26 , 0 , 13036
-1.26 , 0 , 13040
-1.26 , 0 , 13044
-1.26 , 0 , 13048
-1.26 , 0 , 13052
-1.26 , 0 , 13056
-1.26 , 0 , 13060
-1.26 , 0 , 13064
-1.26 , 0 , 13068
-1.26 , 0 , 13072
-1.26 , 0 , 13076
-1.26 , 0 , 13080
-1.26 , 0 , 13084
-1.26 , 0 , 13088
-1.26 , 0 , 13092
-1.26 , 0 , 13096
-1.26 , 0 , 13100
-1.26 , 0 , 13104
