
0.00 , 0 , 3002
0.00 , 0 , 3004
0.00 , 0 , 3007
0.00 , 0 , 3010
0.00 , 0 , 3012
0.00 , 0 , 3015
0.00 , 0 , 3018
0.00 , 0 , 3020
0.00 , 0 , 3023
0.00 , 0 , 3026
0.00 , 0 , 3028
0.00 , 0 , 3032
0.00 , 0 , 3035
0.00 , 0 , 3037
0.00 , 0 , 3040
0.00 , 0 , 3043
0.00 , 0 , 3046
0.00 , 0 , 3048
0.00 , 0 , 3051
0.00 , 0 , 3054
0.00 , 0 , 3056
0.00 , 0 , 3059
0.00 , 0 , 3062
0.00 , 0 , 3064
0.00 , 0 , 3067
0.00 , 0 , 3070
0.00 , 0 , 3073
0.00 , 0 , 3076
0.00 , 0 , 3079
0.00 , 0 , 3081
0.00 , 0 , 3084
0.00 , 0 , 3087
0.00 , 0 , 3089
0.00 , 0 , 3092
0.00 , 0 , 3095
0.00 , 0 , 3097
0.00 , 0 , 3100
0.00 , 0 , 3103
0.00 , 0 , 3105
0.00 , 0 , 3108
0.00 , 0 , 3111
0.00 , 0 , 3113
0.00 , 0 , 3117
0.00 , 0 , 3120
0.00 , 0 , 3122
0.00 , 0 , 3125
0.00 , 0 , 3128
0.00 , 0 , 3130
0.00 , 0 , 3133
0.00 , 0 , 3136
0.00 , 0 , 3138
0.00 , 0 , 3141
0.00 , 0 , 3144
0.00 , 0 , 3146
0.00 , 0 , 3149
0.00 , 0 , 3152
0.00 , 0 , 3155
0.00 , 0 , 3158
0.00 , 0 , 3161
0.00 , 0 , 3164
0.00 , 0 , 3166
0.00 , 0 , 3169
0.00 , 0 , 3172
0.00 , 0 , 3174
0.00 , 0 , 3177
0.00 , 0 , 3180
0.00 , 0 , 3182
0.00 , 0 , 3185
0.00 , 0 , 3188
0.00 , 0 , 3190
0.00 , 0 , 3193
0.00 , 0 , 3196
0.00 , 0 , 3198
0.00 , 0 , 3202
0.00 , 0 , 3205
0.00 , 0 , 3207
0.00 , 0 , 3210
0.00 , 0 , 3213
0.00 , 0 , 3215
0.00 , 0 , 3218
0.00 , 0 , 3221
0.00 , 0 , 3223
0.00 , 0 , 3226
0.00 , 0 , 3229
0.00 , 0 , 3231
0.00 , 0 , 3234
0.00 , 0 , 3237
0.00 , 0 , 3239
0.00 , 0 , 3243
0.00 , 0 , 3246
0.00 , 0 , 3248
0.00 , 0 , 3251
0.00 , 0 , 3254
0.00 , 0 , 3256
0.00 , 0 , 3259
0.00 , 0 , 3262
0.00 , 0 , 3265
0.00 , 0 , 3267
0.00 , 0 , 3270
0.00 , 0 , 3273
0.00 , 0 , 3275
0.00 , 0 , 3278
0.00 , 0 , 3281
0.00 , 0 , 3283
0.00 , 0 , 3287
0.00 , 0 , 3290
0.00 , 0 , 3292
0.00 , 0 , 3295
0.00 , 0 , 3298
0.00 , 0 , 3300
0.00 , 0 , 3303
0.00 , 0 , 3306
0.00 , 0 , 3308
0.00 , 0 , 3311
0.00 , 0 , 3314
0.00 , 0 , 3316
0.00 , 0 , 3319
0.00 , 0 , 3322
0.00 , 0 , 3324
0.00 , 0 , 3328
0.00 , 0 , 3331
0.00 , 0 , 3333
0.00 , 0 , 3336
0.00 , 0 , 3339
0.00 , 0 , 3341
0.00 , 0 , 3344
0.00 , 0 , 3347
0.00 , 0 , 3349
0.00 , 0 , 3352
0.00 , 0 , 3355
0.00 , 0 , 3357
0.00 , 0 , 3360
0.00 , 0 , 3363
0.00 , 0 , 3365
0.00 , 0 , 3368
0.00 , 0 , 3372
0.00 , 0 , 3374
0.00 , 0 , 3377
0.00 , 0 , 3380
0.00 , 0 , 3383
0.00 , 0 , 3385
0.00 , 0 , 3388
0.00 , 0 , 3391
0.00 , 0 , 3393
0.00 , 0 , 3396
0.00 , 0 , 3399
0.00 , 0 , 3401
0.00 , 0 , 3404
0.00 , 0 , 3407
0.00 , 0 , 3409
0.00 , 0 , 3412
0.00 , 0 , 3416
0.00 , 0 , 3418
0.00 , 0 , 3421
0.00 , 0 , 3424
0.00 , 0 , 3426
0.00 , 0 , 3429
0.00 , 0 , 3432
0.00 , 0 , 3434
0.00 , 0 , 3437
0.00 , 0 , 3440
0.00 , 0 , 3442
0.00 , 0 , 3445
0.00 , 0 , 3448
0.00 , 0 , 3450
0.00 , 0 , 3453
0.00 , 0 , 3457
0.00 , 0 , 3459
0.00 , 0 , 3462
0.00 , 0 , 3465
0.00 , 0 , 3467
0.00 , 0 , 3470
0.00 , 0 , 3473
0.00 , 0 , 3475
0.00 , 0 , 3478
0.00 , 0 , 3481
0.00 , 0 , 3483
0.00 , 0 , 3486
0.00 , 0 , 3489
0.00 , 0 , 3491
0.00 , 0 , 3494
0.00 , 0 , 3497
0.00 , 0 , 3501
0.00 , 0 , 3503
0.00 , 0 , 3506
0.00 , 0 , 3509
0.00 , 0 , 3511
0.00 , 0 , 3514
0.00 , 0 , 3517
0.00 , 0 , 3519
0.00 , 0 , 3522
0.00 , 0 , 3525
0.00 , 0 , 3527
0.00 , 0 , 3530
0.00 , 0 , 3533
0.00 , 0 , 3535
0.00 , 0 , 3538
0.00 , 0 , 3542
0.00 , 0 , 3544
0.00 , 0 , 3547
0.00 , 0 , 3550
0.00 , 0 , 3552
0.00 , 0 , 3555
0.00 , 0 , 3558
0.00 , 0 , 3560
0.00 , 0 , 3563
0.00 , 0 , 3566
0.00 , 0 , 3568
0.00 , 0 , 3571
0.00 , 0 , 3574
0.00 , 0 , 3576
0.00 , 0 , 3579
0.00 , 0 , 3582
0.00 , 0 , 3585
0.00 , 0 , 3588
0.00 , 0 , 3591
0.00 , 0 , 3593
0.00 , 0 , 3596
0.00 , 0 , 3599
0.00 , 0 , 3601
0.00 , 0 , 3604
0.00 , 0 , 3607
0.00 , 0 , 3610
0.00 , 0 , 3612
0.00 , 0 , 3615
0.00 , 0 , 3618
0.00 , 0 , 3620
0.00 , 0 , 3623
0.00 , 0 , 3627
0.00 , 0 , 3629
0.00 , 0 , 3632
0.00 , 0 , 3635
0.00 , 0 , 3637
0.00 , 0 , 3640
0.00 , 0 , 3643
0.00 , 0 , 3645
0.00 , 0 , 3648
0.00 , 0 , 3651
0.00 , 0 , 3653
0.00 , 0 , 3656
0.00 , 0 , 3659
0.00 , 0 , 3661
0.00 , 0 , 3664
0.00 , 0 , 3667
0.00 , 0 , 3670
0.00 , 0 , 3673
0.00 , 0 , 3676
0.00 , 0 , 3678
0.00 , 0 , 3681
0.00 , 0 , 3684
0.00 , 0 , 3686
0.00 , 0 , 3689
0.00 , 0 , 3692
0.00 , 0 , 3694
0.00 , 0 , 3697
0.00 , 0 , 3700
0.00 , 0 , 3702
0.00 , 0 , 3705
0.00 , 0 , 3708
0.00 , 0 , 3712
0.00 , 0 , 3714
0.00 , 0 , 3717
0.00 , 0 , 3720
0.00 , 0 , 3722
0.00 , 0 , 3725
0.00 , 0 , 3728
0.00 , 0 , 3730
0.00 , 0 , 3733
0.00 , 0 , 3736
0.00 , 0 , 3738
0.00 , 0 , 3741
0.00 , 0 , 3744
0.00 , 0 , 3746
0.00 , 0 , 3749
0.00 , 0 , 3752
0.00 , 0 , 3755
0.00 , 0 , 3758
0.00 , 0 , 3761
0.00 , 0 , 3763
0.00 , 0 , 3766
0.00 , 0 , 3769
0.00 , 0 , 3771
0.00 , 0 , 3774
0.00 , 0 , 3777
0.00 , 0 , 3779
0.00 , 0 , 3782
0.00 , 0 , 3785
0.00 , 0 , 3787
0.00 , 0 , 3790
0.00 , 0 , 3793
0.00 , 0 , 3795
0.00 , 0 , 3799
0.00 , 0 , 3802
0.00 , 0 , 3804
0.00 , 0 , 3807
0.00 , 0 , 3810
0.00 , 0 , 3812
0.00 , 0 , 3815
0.00 , 0 , 3818
0.00 , 0 , 3821
0.00 , 0 , 3823
0.00 , 0 , 3826
0.00 , 0 , 3829
0.00 , 0 , 3831
0.00 , 0 , 3834
0.00 , 0 , 3837
0.00 , 0 , 3840
0.00 , 0 , 3843
0.00 , 0 , 3846
0.00 , 0 , 3848
0.00 , 0 , 3851
0.00 , 0 , 3854
0.00 , 0 , 3856
0.00 , 0 , 3859
0.00 , 0 , 3862
0.00 , 0 , 3864
0.00 , 0 , 3867
0.00 , 0 , 3870
0.00 , 0 , 3872
0.00 , 0 , 3875
0.00 , 0 , 3878
0.00 , 0 , 3880
0.00 , 0 , 3884
0.00 , 0 , 3887
0.00 , 0 , 3889
0.00 , 0 , 3892
0.00 , 0 , 3895
0.00 , 0 , 3897
0.00 , 0 , 3900
0.00 , 0 , 3903
0.00 , 0 , 3905
0.00 , 0 , 3908
0.00 , 0 , 3911
0.00 , 0 , 3913
0.00 , 0 , 3916
0.00 , 0 , 3919
0.00 , 0 , 3922
0.00 , 0 , 3924
0.00 , 0 , 3928
0.00 , 0 , 3931
0.00 , 0 , 3933
0.00 , 0 , 3936
0.00 , 0 , 3939
0.00 , 0 , 3941
0.00 , 0 , 3944
0.00 , 0 , 3947
0.00 , 0 , 3949
0.00 , 0 , 3952
0.00 , 0 , 3955
0.00 , 0 , 3957
0.00 , 0 , 3960
0.00 , 0 , 3963
0.00 , 0 , 3965
0.00 , 0 , 3969
0.00 , 0 , 3972
0.00 , 0 , 3974
0.00 , 0 , 3977
0.00 , 0 , 3980
0.00 , 0 , 3982
0.00 , 0 , 3985
0.00 , 0 , 3988
0.00 , 0 , 3990
0.00 , 0 , 3993
0.00 , 0 , 3996
0.00 , 0 , 3998
0.00 , 0 , 4001
0.00 , 0 , 4004
0.00 , 0 , 4006
0.00 , 0 , 4009
0.00 , 0 , 4013
0.00 , 0 , 4015
0.00 , 0 , 4018
0.00 , 0 , 4021
0.00 , 0 , 4023
0.00 , 0 , 4026
0.00 , 0 , 4029
0.00 , 0 , 4032
0.00 , 0 , 4034
0.00 , 0 , 4037
0.00 , 0 , 4040
0.00 , 0 , 4042
0.00 , 0 , 4045
0.00 , 0 , 4048
0.00 , 0 , 4050
0.00 , 0 , 4054
0.00 , 0 , 4057
0.00 , 0 , 4059
0.00 , 0 , 4062
0.00 , 0 , 4065
0.00 , 0 , 4067
0.00 , 0 , 4070
0.00 , 0 , 4073
0.00 , 0 , 4075
0.00 , 0 , 4078
0.00 , 0 , 4081
0.00 , 0 , 4083
0.00 , 0 , 4086
0.00 , 0 , 4089
0.00 , 0 , 4091
0.00 , 0 , 4094
0.00 , 0 , 4098
0.00 , 0 , 4100
0.00 , 0 , 4103
0.00 , 0 , 4106
0.00 , 0 , 4108
0.00 , 0 , 4111
0.00 , 0 , 4114
0.00 , 0 , 4116
0.00 , 0 , 4119
0.00 , 0 , 4122
0.00 , 0 , 4124
0.00 , 0 , 4127
0.00 , 0 , 4130
0.00 , 0 , 4132
0.00 , 0 , 4135
0.00 , 0 , 4139
0.00 , 0 , 4141
0.00 , 0 , 4144
0.00 , 0 , 4147
0.00 , 0 , 4150
0.00 , 0 , 4152
0.00 , 0 , 4155
0.00 , 0 , 4158
0.00 , 0 , 4160
0.00 , 0 , 4163
0.00 , 0 , 4166
0.00 , 0 , 4168
0.00 , 0 , 4171
0.00 , 0 , 4174
0.00 , 0 , 4176
0.00 , 0 , 4179
0.00 , 0 , 4183
0.00 , 0 , 4185
0.00 , 0 , 4188
0.00 , 0 , 4191
0.00 , 0 , 4193
0.00 , 0 , 4196
0.00 , 0 , 4199
0.00 , 0 , 4201
0.00 , 0 , 4204
0.00 , 0 , 4207
0.00 , 0 , 4209
0.00 , 0 , 4212
0.00 , 0 , 4215
0.00 , 0 , 4217
0.00 , 0 , 4220
0.00 , 0 , 4224
0.00 , 0 , 4226
0.00 , 0 , 4229
0.00 , 0 , 4232
0.00 , 0 , 4234
0.00 , 0 , 4237
0.00 , 0 , 4240
0.00 , 0 , 4242
0.00 , 0 , 4245
0.00 , 0 , 4248
0.00 , 0 , 4250
0.00 , 0 , 4253
0.00 , 0 , 4256
0.00 , 0 , 4259
0.00 , 0 , 4261
0.00 , 0 , 4264
0.00 , 0 , 4268
0.00 , 0 , 4270
0.00 , 0 , 4273
0.00 , 0 , 4276
0.00 , 0 , 4278
0.00 , 0 , 4281
0.00 , 0 , 4284
0.00 , 0 , 4286
0.00 , 0 , 4289
0.00 , 0 , 4292
0.00 , 0 , 4294
0.00 , 0 , 4297
0.00 , 0 , 4300
0.00 , 0 , 4302
0.00 , 0 , 4305
0.00 , 0 , 4308
0.00 , 0 , 4311
0.00 , 0 , 4314
0.00 , 0 , 4317
0.00 , 0 , 4319
0.00 , 0 , 4322
0.00 , 0 , 4325
0.00 , 0 , 4327
0.00 , 0 , 4330
0.00 , 0 , 4333
0.00 , 0 , 4335
0.00 , 0 , 4338
0.00 , 0 , 4341
0.00 , 0 , 4343
0.00 , 0 , 4346
0.00 , 0 , 4349
0.00 , 0 , 4352
0.00 , 0 , 4355
0.00 , 0 , 4358
0.00 , 0 , 4360
0.00 , 0 , 4363
0.00 , 0 , 4366
0.00 , 0 , 4368
0.00 , 0 , 4371
0.00 , 0 , 4374
0.00 , 0 , 4377
0.00 , 0 , 4379
0.00 , 0 , 4382
0.00 , 0 , 4385
0.00 , 0 , 4387
0.00 , 0 , 4390
0.00 , 0 , 4393
0.00 , 0 , 4396
0.00 , 0 , 4399
0.00 , 0 , 4402
0.00 , 0 , 4404
0.00 , 0 , 4407
0.00 , 0 , 4410
0.00 , 0 , 4412
0.00 , 0 , 4415
0.00 , 0 , 4418
0.00 , 0 , 4420
0.00 , 0 , 4423
0.00 , 0 , 4426
0.00 , 0 , 4428
0.00 , 0 , 4431
0.00 , 0 , 4434
0.00 , 0 , 4436
0.00 , 0 , 4440
0.00 , 0 , 4443
0.00 , 0 , 4445
0.00 , 0 , 4448
0.00 , 0 , 4451
0.00 , 0 , 4453
0.00 , 0 , 4456
0.00 , 0 , 4459
0.00 , 0 , 4461
0.00 , 0 , 4464
0.00 , 0 , 4467
0.00 , 0 , 4469
0.00 , 0 , 4472
0.00 , 0 , 4475
0.00 , 0 , 4478
0.00 , 0 , 4481
0.00 , 0 , 4484
0.00 , 0 , 4487
0.00 , 0 , 4489
0.00 , 0 , 4492
0.00 , 0 , 4495
0.00 , 0 , 4497
0.00 , 0 , 4500
0.00 , 0 , 4503
0.00 , 0 , 4505
0.00 , 0 , 4508
0.00 , 0 , 4511
0.00 , 0 , 4513
0.00 , 0 , 4516
0.00 , 0 , 4519
0.00 , 0 , 4521
0.00 , 0 , 4525
0.00 , 0 , 4528
0.00 , 0 , 4530
0.00 , 0 , 4533
0.00 , 0 , 4536
0.00 , 0 , 4538
0.00 , 0 , 4541
0.00 , 0 , 4544
0.00 , 0 , 4546
0.00 , 0 , 4549
0.00 , 0 , 4552
0.00 , 0 , 4554
0.00 , 0 , 4557
0.00 , 0 , 4560
0.00 , 0 , 4562
0.00 , 0 , 4566
0.00 , 0 , 4569
0.00 , 0 , 4571
0.00 , 0 , 4574
0.00 , 0 , 4577
0.00 , 0 , 4579
0.00 , 0 , 4582
0.00 , 0 , 4585
0.00 , 0 , 4587
0.00 , 0 , 4590
0.00 , 0 , 4593
0.00 , 0 , 4596
0.00 , 0 , 4598
0.00 , 0 , 4601
0.00 , 0 , 4604
0.00 , 0 , 4606
0.00 , 0 , 4610
0.00 , 0 , 4613
0.00 , 0 , 4615
0.00 , 0 , 4618
0.00 , 0 , 4621
0.00 , 0 , 4623
0.00 , 0 , 4626
0.00 , 0 , 4629
0.00 , 0 , 4631
0.00 , 0 , 4634
0.00 , 0 , 4637
0.00 , 0 , 4639
0.00 , 0 , 4642
0.00 , 0 , 4645
0.00 , 0 , 4647
0.00 , 0 , 4651
0.00 , 0 , 4654
0.00 , 0 , 4656
0.00 , 0 , 4659
0.00 , 0 , 4662
0.00 , 0 , 4664
0.00 , 0 , 4667
0.00 , 0 , 4670
0.00 , 0 , 4672
0.00 , 0 , 4675
0.00 , 0 , 4678
0.00 , 0 , 4680
0.00 , 0 , 4683
0.00 , 0 , 4686
0.00 , 0 , 4688
0.00 , 0 , 4691
0.00 , 0 , 4695
0.00 , 0 , 4697
0.00 , 0 , 4700
0.00 , 0 , 4703
0.00 , 0 , 4706
0.00 , 0 , 4708
0.00 , 0 , 4711
0.00 , 0 , 4714
0.00 , 0 , 4716
0.00 , 0 , 4719
0.00 , 0 , 4722
0.00 , 0 , 4724
0.00 , 0 , 4727
0.00 , 0 , 4730
0.00 , 0 , 4732
0.00 , 0 , 4736
0.00 , 0 , 4739
0.00 , 0 , 4741
0.00 , 0 , 4744
0.00 , 0 , 4747
0.00 , 0 , 4749
0.00 , 0 , 4752
0.00 , 0 , 4755
0.00 , 0 , 4757
0.00 , 0 , 4760
0.00 , 0 , 4763
0.00 , 0 , 4765
0.00 , 0 , 4768
0.00 , 0 , 4771
0.00 , 0 , 4773
0.00 , 0 , 4776
0.00 , 0 , 4780
0.00 , 0 , 4782
0.00 , 0 , 4785
0.00 , 0 , 4788
0.00 , 0 , 4790
0.00 , 0 , 4793
0.00 , 0 , 4796
0.00 , 0 , 4798
0.00 , 0 , 4801
0.00 , 0 , 4804
0.00 , 0 , 4807
0.00 , 0 , 4809
0.00 , 0 , 4812
0.00 , 0 , 4815
0.00 , 0 , 4817
0.00 , 0 , 4820
0.00 , 0 , 4824
0.00 , 0 , 4826
0.00 , 0 , 4829
0.00 , 0 , 4832
0.00 , 0 , 4834
0.00 , 0 , 4837
0.00 , 0 , 4840
0.00 , 0 , 4842
0.00 , 0 , 4845
0.00 , 0 , 4848
0.00 , 0 , 4850
0.00 , 0 , 4853
0.00 , 0 , 4856
0.00 , 0 , 4858
0.00 , 0 , 4861
0.00 , 0 , 4865
0.00 , 0 , 4867
0.00 , 0 , 4870
0.00 , 0 , 4873
0.00 , 0 , 4875
0.00 , 0 , 4878
0.00 , 0 , 4881
0.00 , 0 , 4883
0.00 , 0 , 4886
0.00 , 0 , 4889
0.00 , 0 , 4891
0.00 , 0 , 4894
0.00 , 0 , 4897
0.00 , 0 , 4899
0.00 , 0 , 4902
0.00 , 0 , 4905
0.00 , 0 , 4908
0.00 , 0 , 4911
0.00 , 0 , 4914
0.00 , 0 , 4917
0.00 , 0 , 4919
0.00 , 0 , 4922
0.00 , 0 , 4925
0.00 , 0 , 4927
0.00 , 0 , 4930
0.00 , 0 , 4933
0.00 , 0 , 4935
0.00 , 0 , 4938
0.00 , 0 , 4941
0.00 , 0 , 4943
0.00 , 0 , 4946
0.00 , 0 , 4950
0.00 , 0 , 4952
0.00 , 0 , 4955
0.00 , 0 , 4958
0.00 , 0 , 4960
0.00 , 0 , 4963
0.00 , 0 , 4966
0.00 , 0 , 4968
0.00 , 0 , 4971
0.00 , 0 , 4974
0.00 , 0 , 4976
0.00 , 0 , 4979
0.00 , 0 , 4982
0.00 , 0 , 4984
0.00 , 0 , 4987
0.00 , 0 , 4990
0.00 , 0 , 4993
0.00 , 0 , 4996
0.00 , 0 , 4999
0.00 , 0 , 5001
0.00 , 0 , 5004
0.00 , 0 , 5007
0.00 , 0 , 5009
0.00 , 0 , 5012
0.00 , 0 , 5015
0.00 , 0 , 5017
0.00 , 0 , 5020
0.00 , 0 , 5023
0.00 , 0 , 5026
0.00 , 0 , 5028
0.00 , 0 , 5031
0.00 , 0 , 5035
0.00 , 0 , 5037
0.00 , 0 , 5040
0.00 , 0 , 5043
0.00 , 0 , 5045
0.00 , 0 , 5048
0.00 , 0 , 5051
0.00 , 0 , 5053
0.00 , 0 , 5056
0.00 , 0 , 5059
0.00 , 0 , 5061
0.00 , 0 , 5064
0.00 , 0 , 5067
0.00 , 0 , 5069
0.00 , 0 , 5072
0.00 , 0 , 5075
0.00 , 0 , 5078
0.00 , 0 , 5081
0.00 , 0 , 5084
0.00 , 0 , 5086
0.00 , 0 , 5089
0.00 , 0 , 5092
0.00 , 0 , 5094
0.00 , 0 , 5097
0.00 , 0 , 5100
0.00 , 0 , 5102
0.00 , 0 , 5105
0.00 , 0 , 5108
0.00 , 0 , 5110
0.00 , 0 , 5113
0.00 , 0 , 5116
0.00 , 0 , 5118
0.00 , 0 , 5122
0.00 , 0 , 5125
0.00 , 0 , 5128
0.00 , 0 , 5130
0.00 , 0 , 5133
0.00 , 0 , 5136
0.00 , 0 , 5138
0.00 , 0 , 5141
0.00 , 0 , 5144
0.00 , 0 , 5146
0.00 , 0 , 5149
0.00 , 0 , 5152
0.00 , 0 , 5154
0.00 , 0 , 5157
0.00 , 0 , 5160
0.00 , 0 , 5163
0.00 , 0 , 5166
0.00 , 0 , 5169
0.00 , 0 , 5171
0.00 , 0 , 5174
0.00 , 0 , 5177
0.00 , 0 , 5179
0.00 , 0 , 5182
0.00 , 0 , 5185
0.00 , 0 , 5187
0.00 , 0 , 5190
0.00 , 0 , 5193
0.00 , 0 , 5195
0.00 , 0 , 5198
0.00 , 0 , 5201
0.00 , 0 , 5203
0.00 , 0 , 5207
0.00 , 0 , 5210
0.00 , 0 , 5212
0.00 , 0 , 5215
0.00 , 0 , 5218
0.00 , 0 , 5220
0.00 , 0 , 5223
0.00 , 0 , 5226
0.00 , 0 , 5228
0.00 , 0 , 5231
0.00 , 0 , 5234
0.00 , 0 , 5236
0.00 , 0 , 5239
0.00 , 0 , 5242
0.00 , 0 , 5244
0.00 , 0 , 5248
0.00 , 0 , 5251
0.00 , 0 , 5254
0.00 , 0 , 5256
0.00 , 0 , 5259
0.00 , 0 , 5262
0.00 , 0 , 5264
0.00 , 0 , 5267
0.00 , 0 , 5270
0.00 , 0 , 5272
0.00 , 0 , 5275
0.00 , 0 , 5278
0.00 , 0 , 5280
0.00 , 0 , 5283
0.00 , 0 , 5286
0.00 , 0 , 5288
0.00 , 0 , 5292
0.00 , 0 , 5295
0.00 , 0 , 5297
0.00 , 0 , 5300
0.00 , 0 , 5303
0.00 , 0 , 5305
0.00 , 0 , 5308
0.00 , 0 , 5311
0.00 , 0 , 5313
0.00 , 0 , 5316
0.00 , 0 , 5319
0.00 , 0 , 5321
0.00 , 0 , 5324
0.00 , 0 , 5327
0.00 , 0 , 5329
0.00 , 0 , 5332
0.00 , 0 , 5336
0.00 , 0 , 5338
0.00 , 0 , 5341
0.00 , 0 , 5344
0.00 , 0 , 5346
0.00 , 0 , 5349
0.00 , 0 , 5352
0.00 , 0 , 5354
0.00 , 0 , 5357
0.00 , 0 , 5360
0.00 , 0 , 5363
0.00 , 0 , 5365
0.00 , 0 , 5368
0.00 , 0 , 5371
0.00 , 0 , 5373
0.00 , 0 , 5377
0.00 , 0 , 5380
0.00 , 0 , 5382
0.00 , 0 , 5385
0.00 , 0 , 5388
0.00 , 0 , 5390
0.00 , 0 , 5393
0.00 , 0 , 5396
0.00 , 0 , 5398
0.00 , 0 , 5401
0.00 , 0 , 5404
0.00 , 0 , 5406
0.00 , 0 , 5409
0.00 , 0 , 5412
0.00 , 0 , 5414
0.00 , 0 , 5417
0.00 , 0 , 5421
0.00 , 0 , 5423
0.00 , 0 , 5426
0.00 , 0 , 5429
0.00 , 0 , 5431
0.00 , 0 , 5434
0.00 , 0 , 5437
0.00 , 0 , 5439
0.00 , 0 , 5442
0.00 , 0 , 5445
0.00 , 0 , 5447
0.00 , 0 , 5450
0.00 , 0 , 5453
0.00 , 0 , 5455
0.00 , 0 , 5458
0.00 , 0 , 5462
0.00 , 0 , 5464
0.00 , 0 , 5467
0.00 , 0 , 5470
0.00 , 0 , 5473
0.00 , 0 , 5475
0.00 , 0 , 5478
0.00 , 0 , 5481
0.00 , 0 , 5483
0.00 , 0 , 5486
0.00 , 0 , 5489
0.00 , 0 , 5491
0.00 , 0 , 5494
0.00 , 0 , 5497
0.00 , 0 , 5499
0.00 , 0 , 5502
0.00 , 0 , 5506
0.00 , 0 , 5508
0.00 , 0 , 5511
0.00 , 0 , 5514
0.00 , 0 , 5516
0.00 , 0 , 5519
0.00 , 0 , 5522
0.00 , 0 , 5524
0.00 , 0 , 5527
0.00 , 0 , 5530
0.00 , 0 , 5532
0.00 , 0 , 5535
0.00 , 0 , 5538
0.00 , 0 , 5540
0.00 , 0 , 5543
0.00 , 0 , 5547
0.00 , 0 , 5549
0.00 , 0 , 5552
0.00 , 0 , 5555
0.00 , 0 , 5557
0.00 , 0 , 5560
0.00 , 0 , 5563
0.00 , 0 , 5565
0.00 , 0 , 5568
0.00 , 0 , 5571
0.00 , 0 , 5573
0.00 , 0 , 5576
0.00 , 0 , 5579
0.00 , 0 , 5582
0.00 , 0 , 5584
0.00 , 0 , 5587
0.00 , 0 , 5591
0.00 , 0 , 5593
0.00 , 0 , 5596
0.00 , 0 , 5599
0.00 , 0 , 5601
0.00 , 0 , 5604
0.00 , 0 , 5607
0.00 , 0 , 5609
0.00 , 0 , 5612
0.00 , 0 , 5615
0.00 , 0 , 5617
0.00 , 0 , 5620
0.00 , 0 , 5623
0.00 , 0 , 5625
0.00 , 0 , 5628
0.00 , 0 , 5632
0.00 , 0 , 5634
0.00 , 0 , 5637
0.00 , 0 , 5640
0.00 , 0 , 5642
0.00 , 0 , 5645
0.00 , 0 , 5648
0.00 , 0 , 5650
0.00 , 0 , 5653
0.00 , 0 , 5656
0.00 , 0 , 5658
0.00 , 0 , 5661
0.00 , 0 , 5664
0.00 , 0 , 5666
0.00 , 0 , 5669
0.00 , 0 , 5672
0.00 , 0 , 5675
0.00 , 0 , 5678
0.00 , 0 , 5681
0.00 , 0 , 5683
0.00 , 0 , 5686
0.00 , 0 , 5689
0.00 , 0 , 5691
0.00 , 0 , 5694
0.00 , 0 , 5697
0.00 , 0 , 5700
0.00 , 0 , 5702
0.00 , 0 , 5705
0.00 , 0 , 5708
0.00 , 0 , 5710
0.00 , 0 , 5713
0.00 , 0 , 5716
0.00 , 0 , 5719
0.00 , 0 , 5722
0.00 , 0 , 5725
0.00 , 0 , 5727
0.00 , 0 , 5730
0.00 , 0 , 5733
0.00 , 0 , 5735
0.00 , 0 , 5738
0.00 , 0 , 5741
0.00 , 250 , 5743
0.00 , 250 , 5746
0.00 , 250 , 5749
0.00 , 250 , 5752
0.00 , 250 , 5754
0.00 , 250 , 5757
0.00 , 250 , 5761
0.00 , 250 , 5764
1.26 , 250 , 5767
1.26 , 250 , 5769
3.79 , 250 , 5772
5.05 , 250 , 5775
7.57 , 250 , 5778
10.10 , 250 , 5781
11.36 , 250 , 5784
12.62 , 250 , 5787
12.62 , 250 , 5789
11.36 , 250 , 5792
11.36 , 250 , 5795
11.36 , 250 , 5798
11.36 , 250 , 5801
11.36 , 250 , 5805
11.36 , 250 , 5808
11.36 , 250 , 5811
11.36 , 250 , 5813
11.36 , 250 , 5816
11.36 , 250 , 5819
11.36 , 250 , 5822
12.62 , 250 , 5825
12.62 , 250 , 5828
12.62 , 250 , 5831
13.88 , 250 , 5834
13.88 , 250 , 5836
15.15 , 250 , 5839
15.15 , 250 , 5842
16.41 , 250 , 5846
16.41 , 250 , 5849
16.41 , 250 , 5852
16.41 , 250 , 5855
16.41 , 250 , 5858
17.67 , 250 , 5860
17.67 , 250 , 5863
17.67 , 250 , 5866
17.67 , 250 , 5869
18.93 , 250 , 5872
18.93 , 250 , 5875
18.93 , 250 , 5878
18.93 , 250 , 5880
18.93 , 250 , 5883
20.19 , 0 , 5886
20.19 , 0 , 5890
20.19 , 0 , 5893
20.19 , 0 , 5896
20.19 , 0 , 5898
18.93 , 0 , 5901
18.93 , 0 , 5904
18.93 , 0 , 5907
17.67 , 0 , 5909
17.67 , 0 , 5912
17.67 , 0 , 5915
16.41 , 0 , 5918
16.41 , 0 , 5921
16.41 , 0 , 5923
15.15 , 0 , 5926
15.15 , 0 , 5929
15.15 , 0 , 5933
15.15 , 0 , 5935
13.88 , 0 , 5938
13.88 , 0 , 5941
13.88 , 0 , 5944
13.88 , 0 , 5947
13.88 , 0 , 5949
13.88 , 0 , 5952
13.88 , 0 , 5955
13.88 , 0 , 5958
13.88 , 0 , 5961
13.88 , 0 , 5963
13.88 , 0 , 5966
13.88 , 0 , 5969
13.88 , 0 , 5972
13.88 , 0 , 5975
13.88 , 0 , 5978
13.88 , 0 , 5981
13.88 , 0 , 5984
13.88 , 0 , 5987
15.15 , 0 , 5989
15.15 , 0 , 5992
15.15 , 0 , 5995
15.15 , 0 , 5998
15.15 , 0 , 6000
15.15 , 0 , 6003
15.15 , 0 , 6006
15.15 , 0 , 6009
15.15 , 0 , 6012
15.15 , 0 , 6014
15.15 , 0 , 6018
15.15 , 0 , 6021
13.88 , 0 , 6024
13.88 , 0 , 6027
13.88 , 0 , 6029
12.62 , 0 , 6032
12.62 , 0 , 6035
11.36 , 0 , 6038
11.36 , 0 , 6040
10.10 , 0 , 6043
10.10 , 0 , 6046
8.84 , 0 , 6049
8.84 , 0 , 6051
7.57 , 0 , 6054
7.57 , 0 , 6057
6.31 , 0 , 6061
6.31 , 0 , 6063
5.05 , 0 , 6066
5.05 , 0 , 6069
3.79 , 0 , 6072
3.79 , 0 , 6074
3.79 , 0 , 6077
2.52 , 0 , 6080
2.52 , 0 , 6082
1.26 , 0 , 6085
1.26 , 0 , 6088
1.26 , 0 , 6091
0.00 , 0 , 6093
0.00 , 0 , 6096
0.00 , 0 , 6099
-1.26 , 0 , 6102
-1.26 , 0 , 6105
-1.26 , 0 , 6108
-1.26 , 0 , 6111
-2.52 , 0 , 6113
-2.52 , 0 , 6116
-2.52 , 0 , 6119
-2.52 , 0 , 6122
-3.79 , 0 , 6124
-3.79 , 0 , 6127
-3.79 , 0 , 6130
-3.79 , 0 , 6132
-3.79 , 0 , 6135
-3.79 , 0 , 6138
-2.52 , 0 , 6141
-2.52 , 0 , 6144
-2.52 , 0 , 6147
-2.52 , 0 , 6150
-2.52 , 0 , 6153
-2.52 , 0 , 6155
-2.52 , 0 , 6158
-1.26 , 0 , 6161
-1.26 , 0 , 6164
-1.26 , 0 , 6166
-1.26 , 0 , 6169
-1.26 , 0 , 6172
-1.26 , 0 , 6174
-1.26 , 0 , 6177
0.00 , 0 , 6180
0.00 , 0 , 6183
0.00 , 0 , 6185
0.00 , 0 , 6189
0.00 , 0 , 6192
0.00 , 0 , 6194
0.00 , 0 , 6197
0.00 , 0 , 6200
0.00 , 0 , 6202
0.00 , 0 , 6205
0.00 , 0 , 6208
0.00 , 0 , 6210
0.00 , 0 , 6213
0.00 , 0 , 6216
0.00 , 0 , 6218
0.00 , 0 , 6221
0.00 , 0 , 6224
0.00 , 0 , 6226
0.00 , 0 , 6230
0.00 , 0 , 6233
0.00 , 0 , 6235
0.00 , 0 , 6238
0.00 , 0 , 6241
0.00 , 0 , 6243
0.00 , 0 , 6246
0.00 , 0 , 6249
0.00 , 0 , 6251
0.00 , 0 , 6254
0.00 , 0 , 6257
0.00 , 0 , 6259
0.00 , 0 , 6262
0.00 , 0 , 6265
0.00 , 0 , 6268
0.00 , 0 , 6270
0.00 , 0 , 6274
0.00 , 0 , 6277
0.00 , 0 , 6279
0.00 , 0 , 6282
0.00 , 0 , 6285
0.00 , 0 , 6287
0.00 , 0 , 6290
0.00 , 0 , 6293
0.00 , 0 , 6295
0.00 , 0 , 6298
0.00 , 0 , 6301
0.00 , 0 , 6303
0.00 , 0 , 6306
0.00 , 0 , 6309
0.00 , 0 , 6311
0.00 , 0 , 6315
0.00 , 0 , 6318
0.00 , 0 , 6320
0.00 , 0 , 6323
0.00 , 0 , 6326
0.00 , 0 , 6328
0.00 , 0 , 6331
0.00 , 0 , 6334
0.00 , 0 , 6336
0.00 , 0 , 6339
0.00 , 0 , 6342
0.00 , 0 , 6344
0.00 , 0 , 6347
0.00 , 0 , 6350
0.00 , 0 , 6352
0.00 , 0 , 6355
0.00 , 0 , 6359
0.00 , 0 , 6362
0.00 , 0 , 6364
0.00 , 0 , 6367
0.00 , 0 , 6370
0.00 , 0 , 6372
0.00 , 0 , 6375
0.00 , 0 , 6378
0.00 , 0 , 6380
0.00 , 0 , 6383
0.00 , 0 , 6386
0.00 , 0 , 6388
0.00 , 0 , 6391
0.00 , 0 , 6394
0.00 , 0 , 6396
0.00 , 0 , 6400
0.00 , 0 , 6403
0.00 , 0 , 6405
0.00 , 0 , 6408
0.00 , 0 , 6411
0.00 , 0 , 6413
0.00 , 0 , 6416
0.00 , 0 , 6419
0.00 , 0 , 6421
0.00 , 0 , 6424
0.00 , 0 , 6427
0.00 , 0 , 6429
0.00 , 0 , 6432
0.00 , 0 , 6435
0.00 , 0 , 6437
0.00 , 0 , 6440
0.00 , 0 , 6444
0.00 , 0 , 6446
0.00 , 0 , 6449
0.00 , 0 , 6452
0.00 , 0 , 6454
0.00 , 0 , 6457
0.00 , 0 , 6460
0.00 , 0 , 6462
0.00 , 0 , 6465
0.00 , 0 , 6468
0.00 , 0 , 6471
0.00 , 0 , 6473
0.00 , 0 , 6476
0.00 , 0 , 6479
0.00 , 0 , 6481
0.00 , 0 , 6484
0.00 , 0 , 6488
0.00 , 0 , 6490
0.00 , 0 , 6493
0.00 , 0 , 6496
0.00 , 0 , 6498
0.00 , 0 , 6501
0.00 , 0 , 6504
0.00 , 0 , 6506
0.00 , 0 , 6509
0.00 , 0 , 6512
0.00 , 0 , 6514
0.00 , 0 , 6517
0.00 , 0 , 6520
0.00 , 0 , 6522
0.00 , 0 , 6525
0.00 , 0 , 6529
0.00 , 0 , 6531
0.00 , 0 , 6534
0.00 , 0 , 6537
0.00 , 0 , 6539
0.00 , 0 , 6542
0.00 , 0 , 6545
0.00 , 0 , 6547
0.00 , 0 , 6550
0.00 , 0 , 6553
0.00 , 0 , 6555
0.00 , 0 , 6558
0.00 , 0 , 6561
0.00 , 0 , 6563
0.00 , 0 , 6566
0.00 , 0 , 6569
0.00 , 0 , 6572
0.00 , 0 , 6575
0.00 , 0 , 6578
0.00 , 0 , 6581
0.00 , 0 , 6583
0.00 , 0 , 6586
0.00 , 0 , 6589
0.00 , 0 , 6591
0.00 , 0 , 6594
0.00 , 0 , 6597
0.00 , 0 , 6599
0.00 , 0 , 6602
0.00 , 0 , 6605
0.00 , 0 , 6607
0.00 , 0 , 6610
0.00 , 0 , 6614
0.00 , 0 , 6616
0.00 , 0 , 6619
0.00 , 0 , 6622
0.00 , 0 , 6624
0.00 , 0 , 6627
0.00 , 0 , 6630
0.00 , 0 , 6632
0.00 , 0 , 6635
0.00 , 0 , 6638
0.00 , 0 , 6640
0.00 , 0 , 6643
0.00 , 0 , 6646
0.00 , 0 , 6648
0.00 , 0 , 6651
0.00 , 0 , 6654
0.00 , 0 , 6657
0.00 , 0 , 6660
0.00 , 0 , 6663
0.00 , 0 , 6665
0.00 , 0 , 6668
0.00 , 0 , 6671
0.00 , 0 , 6673
0.00 , 0 , 6676
0.00 , 0 , 6679
0.00 , 0 , 6682
0.00 , 0 , 6684
0.00 , 0 , 6687
0.00 , 0 , 6690
0.00 , 0 , 6692
0.00 , 0 , 6695
0.00 , 0 , 6699
0.00 , 0 , 6701
0.00 , 0 , 6704
0.00 , 0 , 6707
0.00 , 0 , 6709
0.00 , 0 , 6712
0.00 , 0 , 6715
0.00 , 0 , 6717
0.00 , 0 , 6720
0.00 , 0 , 6723
0.00 , 0 , 6725
0.00 , 0 , 6728
0.00 , 0 , 6731
0.00 , 0 , 6733
0.00 , 0 , 6736
0.00 , 0 , 6739
0.00 , 0 , 6742
0.00 , 0 , 6745
0.00 , 0 , 6748
0.00 , 0 , 6750
0.00 , 0 , 6753
0.00 , 0 , 6756
0.00 , 0 , 6758
0.00 , 0 , 6761
0.00 , 0 , 6764
0.00 , 0 , 6766
0.00 , 0 , 6769
0.00 , 0 , 6772
0.00 , 0 , 6774
0.00 , 0 , 6777
0.00 , 0 , 6780
0.00 , 0 , 6784
0.00 , 0 , 6786
0.00 , 0 , 6789
0.00 , 0 , 6792
0.00 , 0 , 6794
0.00 , 0 , 6797
0.00 , 0 , 6800
0.00 , 0 , 6802
0.00 , 0 , 6805
0.00 , 0 , 6808
0.00 , 0 , 6810
0.00 , 0 , 6813
0.00 , 0 , 6816
0.00 , 0 , 6818
0.00 , 0 , 6821
0.00 , 0 , 6824
0.00 , 0 , 6827
0.00 , 0 , 6830
0.00 , 0 , 6833
0.00 , 0 , 6835
0.00 , 0 , 6838
0.00 , 0 , 6841
0.00 , 0 , 6843
0.00 , 0 , 6846
0.00 , 0 , 6849
0.00 , 0 , 6851
0.00 , 0 , 6854
0.00 , 0 , 6857
0.00 , 0 , 6859
0.00 , 0 , 6862
0.00 , 0 , 6865
0.00 , 0 , 6867
0.00 , 0 , 6871
0.00 , 0 , 6874
0.00 , 0 , 6876
0.00 , 0 , 6879
0.00 , 0 , 6882
0.00 , 0 , 6884
0.00 , 0 , 6887
0.00 , 0 , 6890
0.00 , 0 , 6893
0.00 , 0 , 6895
0.00 , 0 , 6898
0.00 , 0 , 6901
0.00 , 0 , 6903
0.00 , 0 , 6906
0.00 , 0 , 6909
0.00 , 0 , 6912
0.00 , 0 , 6915
0.00 , 0 , 6918
0.00 , 0 , 6920
0.00 , 0 , 6923
0.00 , 0 , 6926
0.00 , 0 , 6928
0.00 , 0 , 6931
0.00 , 0 , 6934
0.00 , 0 , 6936
0.00 , 0 , 6939
0.00 , 0 , 6942
0.00 , 0 , 6944
0.00 , 0 , 6947
0.00 , 0 , 6950
0.00 , 0 , 6952
0.00 , 0 , 6956
0.00 , 0 , 6959
0.00 , 0 , 6961
0.00 , 0 , 6964
0.00 , 0 , 6967
0.00 , 0 , 6969
0.00 , 0 , 6972
0.00 , 0 , 6975
0.00 , 0 , 6977
0.00 , 0 , 6980
0.00 , 0 , 6983
0.00 , 0 , 6985
0.00 , 0 , 6988
0.00 , 0 , 6991
0.00 , 0 , 6994
0.00 , 0 , 6996
0.00 , 0 , 7000
0.00 , 0 , 7003
0.00 , 0 , 7005
0.00 , 0 , 7008
0.00 , 0 , 7011
0.00 , 0 , 7013
0.00 , 0 , 7016
0.00 , 0 , 7019
0.00 , 0 , 7021
0.00 , 0 , 7024
0.00 , 0 , 7027
0.00 , 0 , 7029
0.00 , 0 , 7032
0.00 , 0 , 7035
0.00 , 0 , 7037
0.00 , 0 , 7041
0.00 , 0 , 7044
0.00 , 0 , 7046
0.00 , 0 , 7049
0.00 , 0 , 7052
0.00 , 0 , 7054
0.00 , 0 , 7057
0.00 , 0 , 7060
0.00 , 0 , 7062
0.00 , 0 , 7065
0.00 , 0 , 7068
0.00 , 0 , 7070
0.00 , 0 , 7073
0.00 , 0 , 7076
0.00 , 0 , 7078
0.00 , 0 , 7081
0.00 , 0 , 7085
0.00 , 0 , 7087
0.00 , 0 , 7090
0.00 , 0 , 7093
0.00 , 0 , 7096
0.00 , 0 , 7098
0.00 , 0 , 7101
0.00 , 0 , 7104
0.00 , 0 , 7106
0.00 , 0 , 7109
0.00 , 0 , 7112
0.00 , 0 , 7114
0.00 , 0 , 7117
0.00 , 0 , 7120
0.00 , 0 , 7122
0.00 , 0 , 7126
0.00 , 230 , 7129
0.00 , 230 , 7131
0.00 , 230 , 7134
0.00 , 230 , 7137
1.26 , 230 , 7140
2.52 , 230 , 7143
5.05 , 230 , 7146
7.57 , 230 , 7148
8.84 , 230 , 7151
10.10 , 230 , 7154
11.36 , 230 , 7157
10.10 , 230 , 7160
10.10 , 230 , 7163
10.10 , 230 , 7166
10.10 , 230 , 7169
10.10 , 230 , 7172
10.10 , 230 , 7175
10.10 , 230 , 7178
10.10 , 230 , 7181
10.10 , 230 , 7184
10.10 , 230 , 7187
10.10 , 230 , 7190
10.10 , 230 , 7192
10.10 , 230 , 7195
11.36 , 230 , 7198
11.36 , 230 , 7201
11.36 , 230 , 7204
11.36 , 230 , 7207
12.62 , 230 , 7211
13.88 , 230 , 7214
13.88 , 230 , 7216
15.15 , 230 , 7219
15.15 , 230 , 7222
15.15 , 230 , 7225
15.15 , 230 , 7228
15.15 , 230 , 7231
15.15 , 230 , 7234
15.15 , 230 , 7237
16.41 , 230 , 7239
16.41 , 230 , 7242
17.67 , 230 , 7245
17.67 , 230 , 7248
17.67 , 230 , 7251
17.67 , 230 , 7255
17.67 , 230 , 7258
18.93 , 230 , 7261
18.93 , 230 , 7263
18.93 , 230 , 7266
18.93 , 230 , 7269
18.93 , 230 , 7272
20.19 , 230 , 7275
20.19 , 230 , 7278
21.46 , 230 , 7281
21.46 , 230 , 7284
22.72 , 230 , 7286
22.72 , 230 , 7289
22.72 , 230 , 7292
22.72 , 230 , 7296
22.72 , 230 , 7299
22.72 , 230 , 7302
22.72 , 230 , 7305
23.98 , 230 , 7308
25.24 , 230 , 7311
25.24 , 230 , 7313
25.24 , 230 , 7316
26.51 , 230 , 7319
26.51 , 230 , 7322
26.51 , 230 , 7325
26.51 , 230 , 7328
26.51 , 230 , 7331
26.51 , 230 , 7334
27.77 , 230 , 7336
27.77 , 230 , 7340
29.03 , 230 , 7343
30.29 , 230 , 7346
30.29 , 230 , 7349
31.55 , 230 , 7352
31.55 , 230 , 7355
31.55 , 230 , 7358
31.55 , 230 , 7360
31.55 , 0 , 7363
31.55 , 0 , 7366
31.55 , 0 , 7369
31.55 , 0 , 7372
31.55 , 0 , 7374
31.55 , 0 , 7377
31.55 , 0 , 7380
31.55 , 0 , 7384
31.55 , 0 , 7386
30.29 , 0 , 7389
30.29 , 0 , 7392
30.29 , 0 , 7395
30.29 , 0 , 7398
30.29 , 0 , 7400
30.29 , 0 , 7403
30.29 , 0 , 7406
30.29 , 0 , 7409
30.29 , 0 , 7412
30.29 , 0 , 7414
30.29 , 0 , 7417
30.29 , 0 , 7420
30.29 , 0 , 7424
30.29 , 0 , 7426
30.29 , 0 , 7429
30.29 , 0 , 7432
30.29 , 0 , 7435
30.29 , 0 , 7438
30.29 , 0 , 7440
30.29 , 0 , 7443
30.29 , 0 , 7446
30.29 , 0 , 7449
30.29 , 0 , 7451
30.29 , 0 , 7454
30.29 , 0 , 7457
30.29 , 0 , 7460
30.29 , 0 , 7463
30.29 , 0 , 7465
30.29 , 0 , 7469
30.29 , 0 , 7472
30.29 , 0 , 7475
30.29 , 0 , 7477
30.29 , 0 , 7480
30.29 , 0 , 7483
30.29 , 0 , 7486
30.29 , 0 , 7489
30.29 , 0 , 7491
30.29 , 0 , 7494
30.29 , 0 , 7497
29.03 , 0 , 7500
29.03 , 0 , 7503
29.03 , 0 , 7505
29.03 , 0 , 7508
27.77 , 0 , 7512
27.77 , 0 , 7515
27.77 , 0 , 7517
26.51 , 0 , 7520
26.51 , 0 , 7523
25.24 , 0 , 7526
25.24 , 0 , 7529
23.98 , 0 , 7531
23.98 , 0 , 7534
23.98 , 0 , 7537
22.72 , 0 , 7540
22.72 , 0 , 7542
21.46 , 0 , 7545
21.46 , 0 , 7548
21.46 , 0 , 7552
20.19 , 0 , 7555
20.19 , 0 , 7557
20.19 , 0 , 7560
18.93 , 0 , 7563
18.93 , 0 , 7566
17.67 , 0 , 7569
17.67 , 0 , 7571
17.67 , 0 , 7574
16.41 , 0 , 7577
16.41 , 0 , 7580
15.15 , 0 , 7583
15.15 , 0 , 7585
13.88 , 0 , 7588
13.88 , 0 , 7591
12.62 , 0 , 7595
12.62 , 0 , 7597
11.36 , 0 , 7600
11.36 , 0 , 7603
10.10 , 0 , 7606
10.10 , 0 , 7609
8.84 , 0 , 7611
8.84 , 0 , 7614
7.57 , 0 , 7617
6.31 , 0 , 7620
6.31 , 0 , 7622
5.05 , 0 , 7625
5.05 , 0 , 7628
3.79 , 0 , 7630
2.52 , 0 , 7633
2.52 , 0 , 7636
1.26 , 0 , 7640
1.26 , 0 , 7642
0.00 , 0 , 7645
0.00 , 0 , 7648
-1.26 , 0 , 7650
-1.26 , 0 , 7653
-2.52 , 0 , 7656
-2.52 , 0 , 7659
-3.79 , 0 , 7661
-3.79 , 0 , 7664
-5.05 , 0 , 7667
-5.05 , 0 , 7670
-6.31 , 0 , 7672
-6.31 , 0 , 7675
-6.31 , 0 , 7678
-6.31 , 0 , 7682
-6.31 , 0 , 7684
-5.05 , 0 , 7687
-5.05 , 0 , 7690
-5.05 , 0 , 7693
-5.05 , 0 , 7695
-5.05 , 0 , 7698
-5.05 , 0 , 7701
-3.79 , 0 , 7703
-3.79 , 0 , 7706
-3.79 , 0 , 7709
-3.79 , 0 , 7712
-2.52 , 0 , 7714
-2.52 , 0 , 7717
-2.52 , 0 , 7720
-2.52 , 0 , 7724
-1.26 , 0 , 7726
-1.26 , 0 , 7729
-1.26 , 0 , 7732
-1.26 , 0 , 7735
-1.26 , 0 , 7737
0.00 , 0 , 7740
0.00 , 0 , 7743
0.00 , 0 , 7745
0.00 , 0 , 7748
0.00 , 0 , 7751
0.00 , 0 , 7753
0.00 , 0 , 7756
1.26 , 0 , 7759
1.26 , 0 , 7761
1.26 , 0 , 7764
1.26 , 0 , 7768
1.26 , 0 , 7771
1.26 , 0 , 7773
1.26 , 0 , 7776
1.26 , 0 , 7779
1.26 , 0 , 7782
2.52 , 0 , 7784
2.52 , 0 , 7787
2.52 , 0 , 7790
2.52 , 0 , 7792
2.52 , 0 , 7795
2.52 , 0 , 7798
2.52 , 0 , 7801
2.52 , 0 , 7803
2.52 , 0 , 7806
2.52 , 0 , 7810
2.52 , 0 , 7813
2.52 , 0 , 7815
2.52 , 0 , 7818
2.52 , 0 , 7821
2.52 , 0 , 7823
2.52 , 0 , 7826
2.52 , 0 , 7829
2.52 , 0 , 7832
2.52 , 0 , 7834
2.52 , 0 , 7837
2.52 , 0 , 7840
2.52 , 0 , 7843
2.52 , 0 , 7845
2.52 , 0 , 7848
2.52 , 0 , 7852
2.52 , 0 , 7854
2.52 , 0 , 7857
2.52 , 0 , 7860
2.52 , 0 , 7863
2.52 , 0 , 7865
2.52 , 0 , 7868
2.52 , 0 , 7871
2.52 , 0 , 7874
2.52 , 0 , 7876
2.52 , 0 , 7879
2.52 , 0 , 7882
2.52 , 0 , 7884
2.52 , 0 , 7887
2.52 , 0 , 7890
2.52 , 0 , 7894
2.52 , 0 , 7896
2.52 , 0 , 7899
2.52 , 0 , 7902
2.52 , 0 , 7905
2.52 , 0 , 7907
2.52 , 0 , 7910
2.52 , 0 , 7913
2.52 , 0 , 7915
2.52 , 0 , 7918
2.52 , 0 , 7921
2.52 , 0 , 7924
2.52 , 0 , 7926
2.52 , 0 , 7929
2.52 , 0 , 7932
2.52 , 0 , 7936
2.52 , 0 , 7938
2.52 , 0 , 7941
2.52 , 0 , 7944
2.52 , 0 , 7946
2.52 , 0 , 7949
2.52 , 0 , 7952
2.52 , 0 , 7955
2.52 , 0 , 7957
2.52 , 0 , 7960
2.52 , 0 , 7963
2.52 , 0 , 7965
2.52 , 0 , 7968
2.52 , 0 , 7971
2.52 , 0 , 7974
2.52 , 0 , 7976
2.52 , 0 , 7980
2.52 , 0 , 7983
2.52 , 0 , 7986
2.52 , 0 , 7988
2.52 , 0 , 7991
2.52 , 0 , 7994
2.52 , 0 , 7997
2.52 , 0 , 7999
2.52 , 0 , 8002
2.52 , 0 , 8005
2.52 , 0 , 8007
2.52 , 0 , 8010
2.52 , 0 , 8013
2.52 , 0 , 8016
2.52 , 0 , 8018
2.52 , 0 , 8022
2.52 , 0 , 8025
2.52 , 0 , 8027
2.52 , 0 , 8030
2.52 , 0 , 8033
2.52 , 0 , 8036
2.52 , 0 , 8038
2.52 , 0 , 8041
2.52 , 0 , 8044
2.52 , 0 , 8047
2.52 , 0 , 8049
2.52 , 0 , 8052
2.52 , 0 , 8055
2.52 , 0 , 8057
2.52 , 0 , 8060
2.52 , 0 , 8064
2.52 , 0 , 8067
2.52 , 0 , 8069
2.52 , 0 , 8072
2.52 , 0 , 8075
2.52 , 0 , 8078
2.52 , 0 , 8080
2.52 , 0 , 8083
2.52 , 0 , 8086
2.52 , 0 , 8088
2.52 , 0 , 8091
2.52 , 0 , 8094
2.52 , 0 , 8097
2.52 , 0 , 8099
2.52 , 0 , 8102
2.52 , 0 , 8105
2.52 , 0 , 8109
2.52 , 0 , 8111
2.52 , 0 , 8114
2.52 , 0 , 8117
2.52 , 0 , 8119
2.52 , 0 , 8122
2.52 , 0 , 8125
2.52 , 0 , 8128
2.52 , 0 , 8130
2.52 , 0 , 8133
2.52 , 0 , 8136
2.52 , 0 , 8138
2.52 , 0 , 8141
2.52 , 0 , 8144
2.52 , 0 , 8147
2.52 , 0 , 8150
2.52 , 0 , 8153
2.52 , 0 , 8156
2.52 , 0 , 8159
2.52 , 0 , 8161
2.52 , 0 , 8164
2.52 , 0 , 8167
2.52 , 0 , 8169
2.52 , 0 , 8172
2.52 , 0 , 8175
2.52 , 0 , 8178
2.52 , 0 , 8180
2.52 , 0 , 8183
2.52 , 0 , 8186
2.52 , 0 , 8189
2.52 , 0 , 8192
2.52 , 0 , 8195
2.52 , 0 , 8198
2.52 , 0 , 8200
2.52 , 0 , 8203
2.52 , 0 , 8206
2.52 , 0 , 8209
2.52 , 0 , 8211
2.52 , 0 , 8214
2.52 , 0 , 8217
2.52 , 0 , 8220
2.52 , 0 , 8222
2.52 , 0 , 8225
2.52 , 0 , 8228
2.52 , 0 , 8230
2.52 , 0 , 8233
2.52 , 0 , 8237
2.52 , 0 , 8240
2.52 , 0 , 8242
2.52 , 0 , 8245
2.52 , 0 , 8248
2.52 , 0 , 8250
2.52 , 0 , 8253
2.52 , 0 , 8256
2.52 , 0 , 8259
2.52 , 0 , 8261
2.52 , 0 , 8264
2.52 , 0 , 8267
2.52 , 0 , 8270
2.52 , 0 , 8272
2.52 , 0 , 8275
2.52 , 0 , 8279
2.52 , 0 , 8281
2.52 , 0 , 8284
2.52 , 0 , 8287
2.52 , 0 , 8290
2.52 , 0 , 8292
2.52 , 0 , 8295
2.52 , 0 , 8298
2.52 , 0 , 8301
2.52 , 0 , 8303
2.52 , 0 , 8306
2.52 , 0 , 8309
2.52 , 0 , 8311
2.52 , 0 , 8314
2.52 , 0 , 8317
2.52 , 0 , 8321
2.52 , 0 , 8323
2.52 , 0 , 8326
2.52 , 0 , 8329
2.52 , 0 , 8332
2.52 , 0 , 8334
2.52 , 0 , 8337
2.52 , 0 , 8340
2.52 , 0 , 8342
2.52 , 0 , 8345
2.52 , 0 , 8348
2.52 , 0 , 8351
2.52 , 0 , 8353
2.52 , 0 , 8356
2.52 , 0 , 8359
2.52 , 0 , 8361
2.52 , 0 , 8365
2.52 , 0 , 8368
2.52 , 0 , 8371
2.52 , 0 , 8373
2.52 , 0 , 8376
2.52 , 0 , 8379
2.52 , 0 , 8382
2.52 , 0 , 8384
2.52 , 0 , 8387
2.52 , 0 , 8390
2.52 , 0 , 8392
2.52 , 0 , 8395
2.52 , 0 , 8398
2.52 , 0 , 8401
2.52 , 0 , 8403
2.52 , 0 , 8407
2.52 , 0 , 8410
2.52 , 0 , 8413
2.52 , 0 , 8415
2.52 , 0 , 8418
2.52 , 0 , 8421
2.52 , 0 , 8423
2.52 , 0 , 8426
2.52 , 0 , 8429
2.52 , 0 , 8432
2.52 , 0 , 8434
2.52 , 0 , 8437
2.52 , 0 , 8440
2.52 , 0 , 8443
2.52 , 0 , 8445
2.52 , 0 , 8449
2.52 , 0 , 8452
2.52 , 0 , 8454
2.52 , 0 , 8457
2.52 , 0 , 8460
2.52 , 0 , 8463
2.52 , 0 , 8465
2.52 , 0 , 8468
2.52 , 0 , 8471
2.52 , 0 , 8473
2.52 , 0 , 8476
2.52 , 0 , 8479
2.52 , 0 , 8482
2.52 , 0 , 8484
2.52 , 0 , 8487
2.52 , 0 , 8491
2.52 , 0 , 8494
2.52 , 0 , 8496
2.52 , 0 , 8499
2.52 , 0 , 8502
2.52 , 0 , 8504
2.52 , 0 , 8507
2.52 , 0 , 8510
2.52 , 0 , 8513
2.52 , 0 , 8515
2.52 , 0 , 8518
2.52 , 0 , 8521
2.52 , 0 , 8524
2.52 , 0 , 8526
2.52 , 0 , 8529
2.52 , 0 , 8532
2.52 , 0 , 8535
2.52 , 0 , 8538
2.52 , 250 , 8541
2.52 , 250 , 8544
2.52 , 250 , 8547
3.79 , 250 , 8549
5.05 , 250 , 8552
7.57 , 250 , 8555
8.84 , 250 , 8558
10.10 , 250 , 8561
11.36 , 250 , 8564
11.36 , 250 , 8567
11.36 , 250 , 8569
10.10 , 250 , 8572
10.10 , 250 , 8576
10.10 , 250 , 8579
10.10 , 250 , 8582
11.36 , 250 , 8585
11.36 , 250 , 8588
11.36 , 250 , 8591
11.36 , 250 , 8593
11.36 , 250 , 8596
11.36 , 250 , 8599
11.36 , 250 , 8602
11.36 , 250 , 8605
11.36 , 250 , 8608
12.62 , 250 , 8611
12.62 , 250 , 8614
13.88 , 250 , 8616
15.15 , 250 , 8620
15.15 , 250 , 8623
15.15 , 250 , 8626
16.41 , 250 , 8629
16.41 , 250 , 8632
16.41 , 250 , 8635
16.41 , 250 , 8638
16.41 , 250 , 8640
16.41 , 250 , 8643
17.67 , 250 , 8646
17.67 , 250 , 8649
18.93 , 250 , 8652
18.93 , 250 , 8655
18.93 , 0 , 8658
18.93 , 0 , 8660
18.93 , 0 , 8664
18.93 , 0 , 8667
18.93 , 0 , 8670
17.67 , 0 , 8673
17.67 , 0 , 8675
17.67 , 0 , 8678
16.41 , 0 , 8681
16.41 , 0 , 8684
16.41 , 0 , 8686
16.41 , 0 , 8689
15.15 , 0 , 8692
15.15 , 0 , 8695
15.15 , 0 , 8698
15.15 , 0 , 8700
13.88 , 0 , 8704
13.88 , 0 , 8707
13.88 , 0 , 8710
13.88 , 0 , 8713
13.88 , 0 , 8715
13.88 , 0 , 8718
13.88 , 0 , 8721
13.88 , 0 , 8724
12.62 , 0 , 8726
12.62 , 0 , 8729
12.62 , 0 , 8732
12.62 , 0 , 8735
12.62 , 0 , 8738
12.62 , 0 , 8740
12.62 , 0 , 8743
12.62 , 0 , 8747
12.62 , 0 , 8750
12.62 , 0 , 8753
12.62 , 0 , 8755
12.62 , 0 , 8758
12.62 , 0 , 8761
12.62 , 0 , 8764
12.62 , 0 , 8766
12.62 , 0 , 8769
12.62 , 0 , 8772
12.62 , 0 , 8775
12.62 , 0 , 8778
12.62 , 0 , 8780
12.62 , 0 , 8783
12.62 , 0 , 8786
12.62 , 0 , 8790
12.62 , 0 , 8793
12.62 , 0 , 8795
12.62 , 0 , 8798
11.36 , 0 , 8801
11.36 , 0 , 8804
10.10 , 0 , 8806
10.10 , 0 , 8809
8.84 , 0 , 8812
8.84 , 0 , 8815
7.57 , 0 , 8817
7.57 , 0 , 8820
6.31 , 0 , 8823
6.31 , 0 , 8826
5.05 , 0 , 8828
5.05 , 0 , 8832
3.79 , 0 , 8835
3.79 , 0 , 8838
2.52 , 0 , 8840
2.52 , 0 , 8843
1.26 , 0 , 8846
1.26 , 0 , 8848
1.26 , 0 , 8851
0.00 , 0 , 8854
0.00 , 0 , 8857
-1.26 , 0 , 8859
-1.26 , 0 , 8862
-1.26 , 0 , 8865
-2.52 , 0 , 8868
-2.52 , 0 , 8870
-2.52 , 0 , 8873
-3.79 , 0 , 8877
-3.79 , 0 , 8879
-3.79 , 0 , 8882
-3.79 , 0 , 8885
-3.79 , 0 , 8888
-3.79 , 0 , 8890
-3.79 , 0 , 8893
-3.79 , 0 , 8896
-3.79 , 0 , 8899
-3.79 , 0 , 8901
-2.52 , 0 , 8904
-2.52 , 0 , 8907
-2.52 , 0 , 8910
-2.52 , 0 , 8912
-2.52 , 0 , 8915
-2.52 , 0 , 8919
-2.52 , 0 , 8921
-2.52 , 0 , 8924
-1.26 , 0 , 8927
-1.26 , 0 , 8930
-1.26 , 0 , 8932
-1.26 , 0 , 8935
-1.26 , 0 , 8938
-1.26 , 0 , 8941
-1.26 , 0 , 8943
-1.26 , 0 , 8946
0.00 , 0 , 8949
0.00 , 0 , 8951
0.00 , 0 , 8954
0.00 , 0 , 8957
0.00 , 0 , 8960
0.00 , 0 , 8963
0.00 , 0 , 8966
0.00 , 0 , 8969
0.00 , 0 , 8971
0.00 , 0 , 8974
0.00 , 0 , 8977
0.00 , 0 , 8979
0.00 , 0 , 8982
0.00 , 0 , 8985
0.00 , 0 , 8987
0.00 , 0 , 8990
0.00 , 0 , 8993
0.00 , 0 , 8995
0.00 , 0 , 8998
0.00 , 0 , 9001
0.00 , 0 , 9004
0.00 , 0 , 9007
0.00 , 0 , 9010
0.00 , 0 , 9012
0.00 , 0 , 9015
0.00 , 0 , 9018
0.00 , 0 , 9020
0.00 , 0 , 9023
0.00 , 0 , 9026
0.00 , 0 , 9028
0.00 , 0 , 9031
0.00 , 0 , 9034
0.00 , 0 , 9036
0.00 , 0 , 9039
0.00 , 0 , 9042
0.00 , 0 , 9044
0.00 , 0 , 9048
0.00 , 0 , 9051
0.00 , 0 , 9054
0.00 , 0 , 9056
0.00 , 0 , 9059
0.00 , 0 , 9062
0.00 , 0 , 9064
0.00 , 0 , 9067
0.00 , 0 , 9070
0.00 , 0 , 9072
0.00 , 0 , 9075
0.00 , 0 , 9078
0.00 , 0 , 9080
0.00 , 0 , 9083
0.00 , 0 , 9086
0.00 , 0 , 9089
0.00 , 0 , 9092
0.00 , 0 , 9095
0.00 , 0 , 9097
0.00 , 0 , 9100
0.00 , 0 , 9103
0.00 , 0 , 9105
0.00 , 0 , 9108
0.00 , 0 , 9111
0.00 , 0 , 9113
0.00 , 0 , 9116
0.00 , 0 , 9119
0.00 , 0 , 9121
0.00 , 0 , 9124
0.00 , 0 , 9127
0.00 , 0 , 9129
0.00 , 0 , 9133
0.00 , 0 , 9136
0.00 , 0 , 9139
0.00 , 0 , 9141
0.00 , 0 , 9144
0.00 , 0 , 9147
0.00 , 0 , 9149
0.00 , 0 , 9152
0.00 , 0 , 9155
0.00 , 0 , 9157
0.00 , 0 , 9160
0.00 , 0 , 9163
0.00 , 0 , 9165
0.00 , 0 , 9168
0.00 , 0 , 9171
0.00 , 0 , 9174
0.00 , 0 , 9177
0.00 , 0 , 9180
0.00 , 0 , 9182
0.00 , 0 , 9185
0.00 , 0 , 9188
0.00 , 0 , 9190
0.00 , 0 , 9193
0.00 , 0 , 9196
0.00 , 0 , 9198
0.00 , 0 , 9201
0.00 , 0 , 9204
0.00 , 0 , 9206
0.00 , 0 , 9209
0.00 , 0 , 9212
0.00 , 0 , 9214
0.00 , 0 , 9218
0.00 , 0 , 9221
0.00 , 0 , 9224
0.00 , 0 , 9226
0.00 , 0 , 9229
0.00 , 0 , 9232
0.00 , 0 , 9234
0.00 , 0 , 9237
0.00 , 0 , 9240
0.00 , 0 , 9242
0.00 , 0 , 9245
0.00 , 0 , 9248
0.00 , 0 , 9250
0.00 , 0 , 9253
0.00 , 0 , 9256
0.00 , 0 , 9259
0.00 , 0 , 9262
0.00 , 0 , 9265
0.00 , 0 , 9267
0.00 , 0 , 9270
0.00 , 0 , 9273
0.00 , 0 , 9275
0.00 , 0 , 9278
0.00 , 0 , 9281
0.00 , 0 , 9283
0.00 , 0 , 9286
0.00 , 0 , 9289
0.00 , 0 , 9291
0.00 , 0 , 9294
0.00 , 0 , 9297
0.00 , 0 , 9299
0.00 , 0 , 9303
0.00 , 0 , 9306
0.00 , 0 , 9309
0.00 , 0 , 9311
0.00 , 0 , 9314
0.00 , 0 , 9317
0.00 , 0 , 9319
0.00 , 0 , 9322
0.00 , 0 , 9325
0.00 , 0 , 9327
0.00 , 0 , 9330
0.00 , 0 , 9333
0.00 , 0 , 9335
0.00 , 0 , 9338
0.00 , 0 , 9341
0.00 , 0 , 9344
0.00 , 0 , 9347
0.00 , 0 , 9350
0.00 , 0 , 9352
0.00 , 0 , 9355
0.00 , 0 , 9358
0.00 , 0 , 9360
0.00 , 0 , 9363
0.00 , 0 , 9366
0.00 , 0 , 9368
0.00 , 0 , 9371
0.00 , 0 , 9374
0.00 , 0 , 9376
0.00 , 0 , 9379
0.00 , 0 , 9382
0.00 , 0 , 9384
0.00 , 0 , 9388
0.00 , 0 , 9391
0.00 , 0 , 9394
0.00 , 0 , 9396
0.00 , 0 , 9399
0.00 , 0 , 9402
0.00 , 0 , 9404
0.00 , 0 , 9407
0.00 , 0 , 9410
0.00 , 0 , 9412
0.00 , 0 , 9415
0.00 , 0 , 9418
0.00 , 0 , 9420
0.00 , 0 , 9423
0.00 , 0 , 9426
0.00 , 0 , 9428
0.00 , 0 , 9432
0.00 , 0 , 9435
0.00 , 0 , 9437
0.00 , 0 , 9440
0.00 , 0 , 9443
0.00 , 0 , 9445
0.00 , 0 , 9448
0.00 , 0 , 9451
0.00 , 0 , 9453
0.00 , 0 , 9456
0.00 , 0 , 9459
0.00 , 0 , 9461
0.00 , 0 , 9464
0.00 , 0 , 9467
0.00 , 0 , 9469
0.00 , 0 , 9473
0.00 , 0 , 9476
0.00 , 0 , 9479
0.00 , 0 , 9481
0.00 , 0 , 9484
0.00 , 0 , 9487
0.00 , 0 , 9489
0.00 , 0 , 9492
0.00 , 0 , 9495
0.00 , 0 , 9497
0.00 , 0 , 9500
0.00 , 0 , 9503
0.00 , 0 , 9505
0.00 , 0 , 9508
0.00 , 0 , 9511
0.00 , 0 , 9513
0.00 , 0 , 9517
0.00 , 0 , 9520
0.00 , 0 , 9522
0.00 , 0 , 9525
0.00 , 0 , 9528
0.00 , 0 , 9530
0.00 , 0 , 9533
0.00 , 0 , 9536
0.00 , 0 , 9538
0.00 , 0 , 9541
0.00 , 0 , 9544
0.00 , 0 , 9546
0.00 , 0 , 9549
0.00 , 0 , 9552
0.00 , 0 , 9554
0.00 , 0 , 9558
0.00 , 0 , 9561
0.00 , 0 , 9564
0.00 , 0 , 9566
0.00 , 0 , 9569
0.00 , 0 , 9572
0.00 , 0 , 9574
0.00 , 0 , 9577
0.00 , 0 , 9580
0.00 , 0 , 9582
0.00 , 0 , 9585
0.00 , 0 , 9588
0.00 , 0 , 9590
0.00 , 0 , 9593
0.00 , 0 , 9596
0.00 , 0 , 9598
0.00 , 0 , 9602
0.00 , 0 , 9605
0.00 , 0 , 9607
0.00 , 0 , 9610
0.00 , 0 , 9613
0.00 , 0 , 9615
0.00 , 0 , 9618
0.00 , 0 , 9621
0.00 , 0 , 9623
0.00 , 0 , 9626
0.00 , 0 , 9629
0.00 , 0 , 9631
0.00 , 0 , 9634
0.00 , 0 , 9637
0.00 , 0 , 9639
0.00 , 0 , 9643
0.00 , 0 , 9646
0.00 , 0 , 9649
0.00 , 0 , 9651
0.00 , 0 , 9654
0.00 , 0 , 9657
0.00 , 0 , 9659
0.00 , 0 , 9662
0.00 , 0 , 9665
0.00 , 0 , 9667
0.00 , 0 , 9670
0.00 , 0 , 9673
0.00 , 0 , 9675
0.00 , 0 , 9678
0.00 , 0 , 9681
0.00 , 0 , 9683
0.00 , 0 , 9687
0.00 , 0 , 9690
0.00 , 0 , 9692
0.00 , 0 , 9695
0.00 , 0 , 9698
0.00 , 0 , 9700
0.00 , 0 , 9703
0.00 , 0 , 9706
0.00 , 0 , 9708
0.00 , 0 , 9711
0.00 , 0 , 9714
0.00 , 0 , 9716
0.00 , 0 , 9719
0.00 , 0 , 9722
0.00 , 0 , 9724
0.00 , 0 , 9728
0.00 , 0 , 9731
0.00 , 0 , 9733
0.00 , 0 , 9736
0.00 , 0 , 9739
0.00 , 0 , 9742
0.00 , 0 , 9744
0.00 , 0 , 9747
0.00 , 0 , 9750
0.00 , 0 , 9752
0.00 , 0 , 9755
0.00 , 0 , 9758
0.00 , 0 , 9760
0.00 , 0 , 9763
0.00 , 0 , 9766
0.00 , 0 , 9768
0.00 , 0 , 9772
0.00 , 0 , 9775
0.00 , 0 , 9777
0.00 , 0 , 9780
0.00 , 0 , 9783
0.00 , 0 , 9785
0.00 , 0 , 9788
0.00 , 0 , 9791
0.00 , 0 , 9793
0.00 , 0 , 9796
0.00 , 0 , 9799
0.00 , 0 , 9801
0.00 , 0 , 9804
0.00 , 0 , 9807
0.00 , 0 , 9809
0.00 , 0 , 9812
0.00 , 0 , 9816
0.00 , 0 , 9818
0.00 , 0 , 9821
0.00 , 0 , 9824
0.00 , 0 , 9827
0.00 , 0 , 9829
0.00 , 0 , 9832
0.00 , 0 , 9835
0.00 , 0 , 9837
0.00 , 0 , 9840
0.00 , 0 , 9843
0.00 , 0 , 9845
0.00 , 0 , 9848
0.00 , 0 , 9851
0.00 , 0 , 9853
0.00 , 0 , 9857
0.00 , 0 , 9860
0.00 , 0 , 9862
0.00 , 0 , 9865
0.00 , 0 , 9868
0.00 , 0 , 9870
0.00 , 0 , 9873
0.00 , 0 , 9876
0.00 , 0 , 9878
0.00 , 0 , 9881
0.00 , 0 , 9884
0.00 , 0 , 9886
0.00 , 0 , 9889
0.00 , 0 , 9892
0.00 , 0 , 9894
0.00 , 0 , 9897
0.00 , 0 , 9901
0.00 , 0 , 9903
0.00 , 0 , 9906
0.00 , 0 , 9909
0.00 , 0 , 9912
0.00 , 0 , 9914
0.00 , 0 , 9917
0.00 , 0 , 9920
0.00 , 0 , 9922
0.00 , 0 , 9925
0.00 , 255 , 9928
0.00 , 255 , 9930
1.26 , 255 , 9933
2.52 , 255 , 9936
3.79 , 255 , 9939
5.05 , 255 , 9943
7.57 , 255 , 9946
10.10 , 255 , 9948
11.36 , 255 , 9951
12.62 , 255 , 9954
12.62 , 255 , 9957
11.36 , 255 , 9960
11.36 , 255 , 9963
11.36 , 255 , 9966
11.36 , 255 , 9969
11.36 , 255 , 9972
11.36 , 255 , 9974
11.36 , 255 , 9977
11.36 , 255 , 9980
11.36 , 255 , 9984
11.36 , 255 , 9987
11.36 , 255 , 9990
12.62 , 255 , 9993
12.62 , 255 , 9996
13.88 , 255 , 9998
13.88 , 255 , 10001
15.15 , 255 , 10004
15.15 , 255 , 10007
16.41 , 255 , 10010
16.41 , 255 , 10013
16.41 , 0 , 10016
16.41 , 0 , 10019
16.41 , 0 , 10022
16.41 , 0 , 10024
16.41 , 0 , 10028
16.41 , 0 , 10031
15.15 , 0 , 10034
15.15 , 0 , 10037
15.15 , 0 , 10040
13.88 , 0 , 10042
13.88 , 0 , 10045
13.88 , 0 , 10048
13.88 , 0 , 10051
13.88 , 0 , 10054
12.62 , 0 , 10057
12.62 , 0 , 10059
12.62 , 0 , 10062
12.62 , 0 , 10065
12.62 , 0 , 10068
11.36 , 0 , 10072
11.36 , 0 , 10075
11.36 , 0 , 10077
11.36 , 0 , 10080
11.36 , 0 , 10083
11.36 , 0 , 10086
11.36 , 0 , 10089
10.10 , 0 , 10091
10.10 , 0 , 10094
10.10 , 0 , 10097
10.10 , 0 , 10100
10.10 , 0 , 10103
10.10 , 0 , 10106
10.10 , 0 , 10108
10.10 , 0 , 10112
10.10 , 0 , 10115
10.10 , 0 , 10118
10.10 , 0 , 10121
10.10 , 0 , 10124
10.10 , 0 , 10126
10.10 , 0 , 10129
10.10 , 0 , 10132
10.10 , 0 , 10135
10.10 , 0 , 10138
10.10 , 0 , 10140
10.10 , 0 , 10143
10.10 , 0 , 10146
10.10 , 0 , 10149
10.10 , 0 , 10152
8.84 , 0 , 10156
8.84 , 0 , 10158
7.57 , 0 , 10161
7.57 , 0 , 10164
6.31 , 0 , 10167
6.31 , 0 , 10169
5.05 , 0 , 10172
5.05 , 0 , 10175
3.79 , 0 , 10178
3.79 , 0 , 10181
2.52 , 0 , 10183
2.52 , 0 , 10186
1.26 , 0 , 10189
1.26 , 0 , 10192
0.00 , 0 , 10194
0.00 , 0 , 10198
-1.26 , 0 , 10201
-1.26 , 0 , 10204
-1.26 , 0 , 10206
-2.52 , 0 , 10209
-2.52 , 0 , 10212
-2.52 , 0 , 10215
-3.79 , 0 , 10218
-3.79 , 0 , 10220
-3.79 , 0 , 10223
-3.79 , 0 , 10226
-3.79 , 0 , 10229
-3.79 , 0 , 10231
-3.79 , 0 , 10234
-2.52 , 0 , 10237
-2.52 , 0 , 10241
-2.52 , 0 , 10244
-2.52 , 0 , 10246
-2.52 , 0 , 10249
-2.52 , 0 , 10252
-2.52 , 0 , 10255
-2.52 , 0 , 10257
-2.52 , 0 , 10260
-2.52 , 0 , 10263
-2.52 , 0 , 10266
-1.26 , 0 , 10269
-1.26 , 0 , 10271
-1.26 , 0 , 10274
-1.26 , 0 , 10277
-1.26 , 0 , 10280
-1.26 , 0 , 10283
-1.26 , 0 , 10286
-1.26 , 0 , 10289
-1.26 , 0 , 10292
-1.26 , 0 , 10295
0.00 , 0 , 10297
0.00 , 0 , 10300
0.00 , 0 , 10303
0.00 , 0 , 10306
0.00 , 0 , 10308
0.00 , 0 , 10311
0.00 , 0 , 10314
0.00 , 0 , 10316
0.00 , 0 , 10319
0.00 , 0 , 10322
0.00 , 0 , 10326
0.00 , 0 , 10328
0.00 , 0 , 10331
0.00 , 0 , 10334
0.00 , 0 , 10337
0.00 , 0 , 10339
0.00 , 0 , 10342
0.00 , 0 , 10345
0.00 , 0 , 10347
0.00 , 0 , 10350
0.00 , 0 , 10353
0.00 , 0 , 10356
0.00 , 0 , 10358
0.00 , 0 , 10361
0.00 , 0 , 10364
0.00 , 0 , 10368
0.00 , 0 , 10370
0.00 , 0 , 10373
0.00 , 0 , 10376
0.00 , 0 , 10378
0.00 , 0 , 10381
0.00 , 0 , 10384
0.00 , 0 , 10387
0.00 , 0 , 10389
0.00 , 0 , 10392
0.00 , 0 , 10395
0.00 , 0 , 10398
0.00 , 0 , 10400
0.00 , 0 , 10403
0.00 , 0 , 10406
0.00 , 0 , 10408
0.00 , 0 , 10412
0.00 , 0 , 10415
0.00 , 0 , 10418
0.00 , 0 , 10420
0.00 , 0 , 10423
0.00 , 0 , 10426
0.00 , 0 , 10429
0.00 , 0 , 10431
0.00 , 0 , 10434
0.00 , 0 , 10437
0.00 , 0 , 10439
0.00 , 0 , 10442
0.00 , 0 , 10445
0.00 , 0 , 10448
0.00 , 0 , 10450
0.00 , 0 , 10454
0.00 , 0 , 10457
0.00 , 0 , 10460
0.00 , 0 , 10462
0.00 , 0 , 10465
0.00 , 0 , 10468
0.00 , 0 , 10471
0.00 , 0 , 10473
0.00 , 0 , 10476
0.00 , 0 , 10479
0.00 , 0 , 10481
0.00 , 0 , 10484
0.00 , 0 , 10487
0.00 , 0 , 10490
0.00 , 0 , 10492
0.00 , 0 , 10496
0.00 , 0 , 10499
0.00 , 0 , 10502
0.00 , 0 , 10504
0.00 , 0 , 10507
0.00 , 0 , 10510
0.00 , 0 , 10512
0.00 , 0 , 10515
0.00 , 0 , 10518
0.00 , 0 , 10521
0.00 , 0 , 10523
0.00 , 0 , 10526
0.00 , 0 , 10529
0.00 , 0 , 10532
0.00 , 0 , 10534
0.00 , 0 , 10537
0.00 , 0 , 10541
0.00 , 0 , 10543
0.00 , 0 , 10546
0.00 , 0 , 10549
0.00 , 0 , 10552
0.00 , 0 , 10554
0.00 , 0 , 10557
0.00 , 0 , 10560
0.00 , 0 , 10563
0.00 , 0 , 10565
0.00 , 0 , 10568
0.00 , 0 , 10571
0.00 , 0 , 10573
0.00 , 0 , 10576
0.00 , 0 , 10579
0.00 , 0 , 10583
0.00 , 0 , 10585
0.00 , 0 , 10588
0.00 , 0 , 10591
0.00 , 0 , 10594
0.00 , 0 , 10596
0.00 , 0 , 10599
0.00 , 0 , 10602
0.00 , 0 , 10604
0.00 , 0 , 10607
0.00 , 0 , 10610
0.00 , 0 , 10613
0.00 , 0 , 10615
0.00 , 0 , 10618
0.00 , 0 , 10621
0.00 , 0 , 10625
0.00 , 0 , 10627
0.00 , 0 , 10630
0.00 , 0 , 10633
0.00 , 0 , 10635
0.00 , 0 , 10638
0.00 , 0 , 10641
0.00 , 0 , 10644
0.00 , 0 , 10646
0.00 , 0 , 10649
0.00 , 0 , 10652
0.00 , 0 , 10655
0.00 , 0 , 10657
0.00 , 0 , 10660
0.00 , 0 , 10663
0.00 , 0 , 10665
0.00 , 0 , 10669
0.00 , 0 , 10672
0.00 , 0 , 10675
0.00 , 0 , 10677
0.00 , 0 , 10680
0.00 , 0 , 10683
0.00 , 0 , 10686
0.00 , 0 , 10688
0.00 , 0 , 10691
0.00 , 0 , 10694
0.00 , 0 , 10697
0.00 , 0 , 10699
0.00 , 0 , 10702
0.00 , 0 , 10705
0.00 , 0 , 10707
0.00 , 0 , 10711
0.00 , 0 , 10714
0.00 , 0 , 10717
0.00 , 0 , 10719
0.00 , 0 , 10722
0.00 , 0 , 10725
0.00 , 0 , 10728
0.00 , 0 , 10730
0.00 , 0 , 10733
0.00 , 0 , 10736
0.00 , 0 , 10738
0.00 , 0 , 10741
0.00 , 0 , 10744
0.00 , 0 , 10747
0.00 , 0 , 10749
0.00 , 0 , 10753
0.00 , 0 , 10756
0.00 , 0 , 10759
0.00 , 0 , 10761
0.00 , 0 , 10764
0.00 , 0 , 10767
0.00 , 0 , 10769
0.00 , 0 , 10772
0.00 , 0 , 10775
0.00 , 0 , 10778
0.00 , 0 , 10780
0.00 , 0 , 10783
0.00 , 0 , 10786
0.00 , 0 , 10789
0.00 , 0 , 10791
0.00 , 0 , 10795
0.00 , 0 , 10798
0.00 , 0 , 10800
0.00 , 0 , 10803
0.00 , 0 , 10806
0.00 , 0 , 10809
0.00 , 0 , 10811
0.00 , 0 , 10814
0.00 , 0 , 10817
0.00 , 0 , 10820
0.00 , 0 , 10822
0.00 , 0 , 10825
0.00 , 0 , 10828
0.00 , 0 , 10830
0.00 , 0 , 10833
0.00 , 0 , 10836
0.00 , 0 , 10840
0.00 , 0 , 10842
0.00 , 0 , 10845
0.00 , 0 , 10848
0.00 , 0 , 10851
0.00 , 0 , 10853
0.00 , 0 , 10856
0.00 , 0 , 10859
0.00 , 0 , 10862
0.00 , 0 , 10864
0.00 , 0 , 10867
0.00 , 0 , 10870
0.00 , 0 , 10872
0.00 , 0 , 10875
0.00 , 0 , 10878
0.00 , 0 , 10882
0.00 , 0 , 10884
0.00 , 0 , 10887
0.00 , 0 , 10890
0.00 , 0 , 10893
0.00 , 0 , 10895
0.00 , 0 , 10898
0.00 , 0 , 10901
0.00 , 0 , 10903
0.00 , 0 , 10906
0.00 , 0 , 10909
0.00 , 0 , 10912
0.00 , 0 , 10914
0.00 , 0 , 10917
0.00 , 0 , 10920
0.00 , 0 , 10924
0.00 , 0 , 10926
0.00 , 0 , 10929
0.00 , 0 , 10932
0.00 , 0 , 10934
0.00 , 0 , 10937
0.00 , 0 , 10940
0.00 , 0 , 10943
0.00 , 0 , 10945
0.00 , 0 , 10948
0.00 , 0 , 10951
0.00 , 0 , 10954
0.00 , 0 , 10956
0.00 , 0 , 10959
0.00 , 0 , 10962
0.00 , 0 , 10964
0.00 , 0 , 10968
0.00 , 0 , 10971
0.00 , 0 , 10974
0.00 , 0 , 10976
0.00 , 0 , 10979
0.00 , 0 , 10982
0.00 , 0 , 10985
0.00 , 0 , 10987
0.00 , 0 , 10990
0.00 , 0 , 10993
0.00 , 0 , 10995
0.00 , 0 , 10998
0.00 , 0 , 11001
0.00 , 0 , 11004
0.00 , 0 , 11006
0.00 , 0 , 11010
0.00 , 0 , 11013
0.00 , 0 , 11016
0.00 , 0 , 11018
0.00 , 0 , 11021
0.00 , 0 , 11024
0.00 , 0 , 11026
0.00 , 0 , 11029
0.00 , 0 , 11032
0.00 , 0 , 11035
0.00 , 0 , 11037
0.00 , 0 , 11040
0.00 , 0 , 11043
0.00 , 0 , 11046
0.00 , 0 , 11048
0.00 , 0 , 11052
0.00 , 0 , 11055
0.00 , 0 , 11058
0.00 , 0 , 11060
0.00 , 0 , 11063
0.00 , 0 , 11066
0.00 , 0 , 11068
0.00 , 0 , 11071
0.00 , 0 , 11074
0.00 , 0 , 11077
0.00 , 0 , 11079
0.00 , 0 , 11082
0.00 , 0 , 11085
0.00 , 0 , 11088
0.00 , 0 , 11090
0.00 , 0 , 11094
0.00 , 0 , 11097
0.00 , 0 , 11099
0.00 , 0 , 11102
0.00 , 0 , 11105
0.00 , 0 , 11108
0.00 , 0 , 11110
0.00 , 0 , 11113
0.00 , 0 , 11116
0.00 , 0 , 11119
0.00 , 0 , 11121
0.00 , 0 , 11124
0.00 , 0 , 11127
0.00 , 0 , 11129
0.00 , 0 , 11132
0.00 , 0 , 11136
0.00 , 0 , 11139
0.00 , 0 , 11141
0.00 , 0 , 11144
0.00 , 0 , 11147
0.00 , 0 , 11150
0.00 , 0 , 11152
0.00 , 0 , 11155
0.00 , 0 , 11158
0.00 , 0 , 11160
0.00 , 0 , 11163
0.00 , 0 , 11166
0.00 , 0 , 11169
0.00 , 0 , 11171
0.00 , 0 , 11174
0.00 , 0 , 11177
0.00 , 0 , 11181
0.00 , 0 , 11183
0.00 , 0 , 11186
0.00 , 0 , 11189
0.00 , 0 , 11192
0.00 , 0 , 11194
0.00 , 0 , 11197
0.00 , 0 , 11200
0.00 , 0 , 11202
0.00 , 0 , 11205
0.00 , 0 , 11208
0.00 , 0 , 11211
0.00 , 0 , 11213
0.00 , 0 , 11216
0.00 , 0 , 11219
0.00 , 0 , 11223
0.00 , 0 , 11225
0.00 , 0 , 11228
0.00 , 0 , 11231
0.00 , 0 , 11233
0.00 , 0 , 11236
0.00 , 0 , 11239
0.00 , 0 , 11242
0.00 , 0 , 11244
0.00 , 0 , 11247
0.00 , 0 , 11250
0.00 , 0 , 11253
0.00 , 0 , 11255
0.00 , 0 , 11258
0.00 , 0 , 11261
0.00 , 0 , 11264
0.00 , 0 , 11267
0.00 , 0 , 11270
0.00 , 0 , 11273
0.00 , 0 , 11275
0.00 , 0 , 11278
0.00 , 0 , 11281
0.00 , 0 , 11284
0.00 , 0 , 11286
0.00 , 0 , 11289
0.00 , 0 , 11292
0.00 , 0 , 11294
0.00 , 0 , 11297
0.00 , 0 , 11300
0.00 , 0 , 11303
0.00 , 0 , 11305
0.00 , 0 , 11309
0.00 , 0 , 11312
0.00 , 0 , 11315
0.00 , 0 , 11317
0.00 , 0 , 11320
0.00 , 0 , 11323
0.00 , 0 , 11325
0.00 , 0 , 11328
0.00 , 0 , 11331
0.00 , 0 , 11334
0.00 , 0 , 11334
0.00 , 0 , 11335
0.00 , 0 , 11336
0.00 , 0 , 11337
0.00 , 0 , 11337
0.00 , 0 , 11338
0.00 , 0 , 11339
0.00 , 0 , 11341
0.00 , 0 , 11342
0.00 , 0 , 11344
0.00 , 0 , 11345
0.00 , 0 , 11347
0.00 , 0 , 11348
0.00 , 0 , 11351
0.00 , 0 , 11352
0.00 , 0 , 11354
0.00 , 0 , 11355
0.00 , 0 , 11357
0.00 , 0 , 11358
0.00 , 0 , 11360
0.00 , 0 , 11361
0.00 , 0 , 11363
0.00 , 0 , 11364
0.00 , 0 , 11366
0.00 , 0 , 11367
0.00 , 0 , 11369
0.00 , 0 , 11370
0.00 , 0 , 11372
0.00 , 0 , 11373
0.00 , 0 , 11375
0.00 , 0 , 11376
0.00 , 0 , 11378
0.00 , 0 , 11379
0.00 , 0 , 11381
0.00 , 0 , 11382
0.00 , 0 , 11384
0.00 , 0 , 11385
0.00 , 0 , 11387
0.00 , 0 , 11388
0.00 , 0 , 11390
0.00 , 0 , 11392
0.00 , 0 , 11394
0.00 , 0 , 11395
0.00 , 0 , 11397
0.00 , 0 , 11398
0.00 , 0 , 11400
0.00 , 0 , 11401
0.00 , 0 , 11403
0.00 , 0 , 11404
0.00 , 0 , 11406
0.00 , 0 , 11407
0.00 , 0 , 11409
0.00 , 0 , 11410
0.00 , 0 , 11412
0.00 , 0 , 11413
0.00 , 0 , 11415
0.00 , 0 , 11416
0.00 , 0 , 11418
0.00 , 0 , 11419
0.00 , 0 , 11421
0.00 , 0 , 11422
0.00 , 0 , 11424
0.00 , 0 , 11425
0.00 , 0 , 11427
0.00 , 0 , 11428
0.00 , 0 , 11430
0.00 , 0 , 11431
0.00 , 0 , 11433
0.00 , 0 , 11435
0.00 , 0 , 11436
0.00 , 0 , 11438
0.00 , 0 , 11439
0.00 , 0 , 11441
0.00 , 0 , 11442
0.00 , 0 , 11444
0.00 , 0 , 11445
0.00 , 0 , 11447
0.00 , 0 , 11448
0.00 , 0 , 11450
0.00 , 0 , 11451
0.00 , 0 , 11453
0.00 , 0 , 11454
0.00 , 0 , 11456
0.00 , 0 , 11457
0.00 , 0 , 11459
0.00 , 0 , 11460
0.00 , 0 , 11462
0.00 , 0 , 11463
0.00 , 0 , 11465
0.00 , 0 , 11466
0.00 , 0 , 11468
0.00 , 0 , 11469
0.00 , 0 , 11471
0.00 , 0 , 11472
0.00 , 0 , 11474
0.00 , 0 , 11475
0.00 , 0 , 11478
0.00 , 0 , 11479
0.00 , 0 , 11481
0.00 , 0 , 11482
0.00 , 0 , 11484
0.00 , 0 , 11485
0.00 , 0 , 11487
0.00 , 0 , 11488
0.00 , 0 , 11490
0.00 , 0 , 11491
0.00 , 0 , 11493
0.00 , 0 , 11494
0.00 , 0 , 11496
0.00 , 0 , 11497
0.00 , 0 , 11499
0.00 , 0 , 11500
0.00 , 0 , 11502
0.00 , 0 , 11503
0.00 , 0 , 11505
0.00 , 0 , 11506
0.00 , 0 , 11508
0.00 , 0 , 11509
0.00 , 0 , 11511
0.00 , 0 , 11512
0.00 , 0 , 11514
0.00 , 0 , 11515
0.00 , 0 , 11517
0.00 , 0 , 11518
0.00 , 0 , 11521
0.00 , 0 , 11522
0.00 , 0 , 11524
0.00 , 0 , 11525
0.00 , 0 , 11527
0.00 , 0 , 11528
0.00 , 0 , 11530
0.00 , 0 , 11531
0.00 , 0 , 11533
0.00 , 0 , 11534
0.00 , 0 , 11536
0.00 , 0 , 11537
0.00 , 0 , 11539
0.00 , 0 , 11540
0.00 , 0 , 11542
0.00 , 0 , 11543
0.00 , 0 , 11545
0.00 , 0 , 11546
0.00 , 0 , 11548
0.00 , 0 , 11549
0.00 , 0 , 11551
0.00 , 0 , 11552
0.00 , 0 , 11554
0.00 , 0 , 11555
0.00 , 0 , 11557
0.00 , 0 , 11558
0.00 , 0 , 11560
0.00 , 0 , 11561
0.00 , 0 , 11564
0.00 , 0 , 11565
0.00 , 0 , 11566
0.00 , 0 , 11568
0.00 , 0 , 11569
0.00 , 0 , 11571
0.00 , 0 , 11572
0.00 , 0 , 11574
0.00 , 0 , 11575
0.00 , 0 , 11577
0.00 , 0 , 11578
0.00 , 0 , 11580
0.00 , 0 , 11581
0.00 , 0 , 11583
0.00 , 0 , 11584
0.00 , 0 , 11586
0.00 , 0 , 11587
0.00 , 0 , 11589
0.00 , 0 , 11590
0.00 , 0 , 11592
0.00 , 0 , 11593
0.00 , 0 , 11595
0.00 , 0 , 11596
0.00 , 0 , 11598
0.00 , 0 , 11599
0.00 , 0 , 11601
0.00 , 0 , 11602
0.00 , 0 , 11604
0.00 , 0 , 11606
0.00 , 0 , 11608
0.00 , 0 , 11609
0.00 , 0 , 11611
0.00 , 0 , 11612
0.00 , 0 , 11614
0.00 , 0 , 11615
0.00 , 0 , 11617
0.00 , 0 , 11618
0.00 , 0 , 11620
0.00 , 0 , 11621
0.00 , 0 , 11623
0.00 , 0 , 11624
0.00 , 0 , 11626
0.00 , 0 , 11627
0.00 , 0 , 11629
0.00 , 0 , 11630
0.00 , 0 , 11632
0.00 , 0 , 11633
0.00 , 0 , 11635
0.00 , 0 , 11636
0.00 , 0 , 11638
0.00 , 0 , 11639
0.00 , 0 , 11641
0.00 , 0 , 11642
0.00 , 0 , 11644
0.00 , 0 , 11645
0.00 , 0 , 11648
0.00 , 0 , 11649
0.00 , 0 , 11651
0.00 , 0 , 11652
0.00 , 0 , 11654
0.00 , 0 , 11655
0.00 , 0 , 11657
0.00 , 0 , 11658
0.00 , 0 , 11660
0.00 , 0 , 11661
0.00 , 0 , 11663
0.00 , 0 , 11664
0.00 , 0 , 11666
0.00 , 0 , 11667
0.00 , 0 , 11669
0.00 , 0 , 11670
0.00 , 0 , 11672
0.00 , 0 , 11673
0.00 , 0 , 11675
0.00 , 0 , 11676
0.00 , 0 , 11678
0.00 , 0 , 11679
0.00 , 0 , 11681
0.00 , 0 , 11682
0.00 , 0 , 11684
0.00 , 0 , 11685
0.00 , 0 , 11687
0.00 , 0 , 11688
0.00 , 0 , 11691
0.00 , 0 , 11692
0.00 , 0 , 11694
0.00 , 0 , 11695
0.00 , 0 , 11696
0.00 , 0 , 11698
0.00 , 0 , 11699
0.00 , 0 , 11701
0.00 , 0 , 11702
0.00 , 0 , 11704
0.00 , 0 , 11705
0.00 , 0 , 11707
0.00 , 0 , 11708
0.00 , 0 , 11710
0.00 , 0 , 11711
0.00 , 0 , 11713
0.00 , 0 , 11714
0.00 , 0 , 11716
0.00 , 0 , 11717
0.00 , 0 , 11719
0.00 , 0 , 11720
0.00 , 0 , 11722
0.00 , 0 , 11723
0.00 , 0 , 11725
0.00 , 0 , 11726
0.00 , 0 , 11728
0.00 , 0 , 11729
0.00 , 0 , 11731
0.00 , 0 , 11732
0.00 , 0 , 11735
0.00 , 0 , 11736
0.00 , 0 , 11738
0.00 , 0 , 11739
0.00 , 0 , 11741
0.00 , 0 , 11742
0.00 , 0 , 11744
0.00 , 0 , 11745
0.00 , 0 , 11747
0.00 , 0 , 11748
0.00 , 0 , 11750
0.00 , 0 , 11751
0.00 , 0 , 11753
0.00 , 0 , 11754
0.00 , 0 , 11756
0.00 , 0 , 11757
0.00 , 0 , 11759
0.00 , 0 , 11760
0.00 , 0 , 11762
0.00 , 0 , 11763
0.00 , 0 , 11765
0.00 , 0 , 11766
0.00 , 0 , 11768
0.00 , 0 , 11769
0.00 , 0 , 11771
0.00 , 0 , 11772
0.00 , 0 , 11774
0.00 , 0 , 11776
0.00 , 0 , 11778
0.00 , 0 , 11779
0.00 , 0 , 11781
0.00 , 0 , 11782
0.00 , 0 , 11784
0.00 , 0 , 11785
0.00 , 0 , 11787
0.00 , 0 , 11788
0.00 , 0 , 11790
0.00 , 0 , 11791
0.00 , 0 , 11793
0.00 , 0 , 11794
0.00 , 0 , 11796
0.00 , 0 , 11797
0.00 , 0 , 11799
0.00 , 0 , 11800
0.00 , 0 , 11802
0.00 , 0 , 11803
0.00 , 0 , 11805
0.00 , 0 , 11806
0.00 , 0 , 11808
0.00 , 0 , 11809
0.00 , 0 , 11811
0.00 , 0 , 11812
0.00 , 0 , 11814
0.00 , 0 , 11815
0.00 , 0 , 11817
0.00 , 0 , 11819
0.00 , 0 , 11821
0.00 , 0 , 11822
0.00 , 0 , 11824
0.00 , 0 , 11825
0.00 , 0 , 11827
0.00 , 0 , 11828
0.00 , 0 , 11829
0.00 , 0 , 11831
0.00 , 0 , 11832
0.00 , 0 , 11834
0.00 , 0 , 11835
0.00 , 0 , 11837
0.00 , 0 , 11838
0.00 , 0 , 11840
0.00 , 0 , 11841
0.00 , 0 , 11843
0.00 , 0 , 11844
0.00 , 0 , 11846
0.00 , 0 , 11847
0.00 , 0 , 11849
0.00 , 0 , 11850
0.00 , 0 , 11852
0.00 , 0 , 11853
0.00 , 0 , 11855
0.00 , 0 , 11856
0.00 , 0 , 11858
0.00 , 0 , 11859
0.00 , 0 , 11862
0.00 , 0 , 11863
0.00 , 0 , 11865
0.00 , 0 , 11866
0.00 , 0 , 11868
0.00 , 0 , 11869
0.00 , 0 , 11871
0.00 , 0 , 11872
0.00 , 0 , 11874
0.00 , 0 , 11875
0.00 , 0 , 11877
0.00 , 0 , 11878
0.00 , 0 , 11880
0.00 , 0 , 11881
0.00 , 0 , 11883
0.00 , 0 , 11884
0.00 , 0 , 11886
0.00 , 0 , 11887
0.00 , 0 , 11889
0.00 , 0 , 11890
0.00 , 0 , 11892
0.00 , 0 , 11893
0.00 , 0 , 11895
0.00 , 0 , 11896
0.00 , 0 , 11898
0.00 , 0 , 11899
0.00 , 0 , 11901
0.00 , 0 , 11902
0.00 , 0 , 11905
0.00 , 0 , 11906
0.00 , 0 , 11908
0.00 , 0 , 11909
0.00 , 0 , 11911
0.00 , 0 , 11912
0.00 , 0 , 11914
0.00 , 0 , 11915
0.00 , 0 , 11917
0.00 , 0 , 11918
0.00 , 0 , 11920
0.00 , 0 , 11921
0.00 , 0 , 11923
0.00 , 0 , 11924
0.00 , 0 , 11926
0.00 , 0 , 11927
0.00 , 0 , 11929
0.00 , 0 , 11930
0.00 , 0 , 11932
0.00 , 0 , 11933
0.00 , 0 , 11935
0.00 , 0 , 11936
0.00 , 0 , 11938
0.00 , 0 , 11939
0.00 , 0 , 11941
0.00 , 0 , 11942
0.00 , 0 , 11944
0.00 , 0 , 11945
0.00 , 0 , 11948
0.00 , 0 , 11949
0.00 , 0 , 11951
0.00 , 0 , 11952
0.00 , 0 , 11954
0.00 , 0 , 11955
0.00 , 0 , 11957
0.00 , 0 , 11958
0.00 , 0 , 11959
0.00 , 0 , 11961
0.00 , 0 , 11962
0.00 , 0 , 11964
0.00 , 0 , 11965
0.00 , 0 , 11967
0.00 , 0 , 11968
0.00 , 0 , 11970
0.00 , 0 , 11971
0.00 , 0 , 11973
0.00 , 0 , 11974
0.00 , 0 , 11976
0.00 , 0 , 11977
0.00 , 0 , 11979
0.00 , 0 , 11980
0.00 , 0 , 11982
0.00 , 0 , 11983
0.00 , 0 , 11985
0.00 , 0 , 11986
0.00 , 0 , 11988
0.00 , 0 , 11990
0.00 , 0 , 11992
0.00 , 0 , 11993
0.00 , 0 , 11995
0.00 , 0 , 11996
0.00 , 0 , 11998
0.00 , 0 , 11999
0.00 , 0 , 12001
0.00 , 0 , 12002
0.00 , 0 , 12004
0.00 , 0 , 12005
0.00 , 0 , 12007
0.00 , 0 , 12008
0.00 , 0 , 12010
0.00 , 0 , 12011
0.00 , 0 , 12013
0.00 , 0 , 12014
0.00 , 0 , 12016
0.00 , 0 , 12017
0.00 , 0 , 12019
0.00 , 0 , 12020
0.00 , 0 , 12022
0.00 , 0 , 12023
0.00 , 0 , 12025
0.00 , 0 , 12026
0.00 , 0 , 12028
0.00 , 0 , 12029
0.00 , 0 , 12032
0.00 , 0 , 12033
0.00 , 0 , 12035
0.00 , 0 , 12036
0.00 , 0 , 12038
0.00 , 0 , 12039
0.00 , 0 , 12041
0.00 , 0 , 12042
0.00 , 0 , 12044
0.00 , 0 , 12045
0.00 , 0 , 12047
0.00 , 0 , 12048
0.00 , 0 , 12050
0.00 , 0 , 12051
0.00 , 0 , 12053
0.00 , 0 , 12054
0.00 , 0 , 12056
0.00 , 0 , 12057
0.00 , 0 , 12059
0.00 , 0 , 12060
0.00 , 0 , 12062
0.00 , 0 , 12063
0.00 , 0 , 12065
0.00 , 0 , 12066
0.00 , 0 , 12068
0.00 , 0 , 12069
0.00 , 0 , 12071
0.00 , 0 , 12072
0.00 , 0 , 12075
0.00 , 0 , 12076
0.00 , 0 , 12078
0.00 , 0 , 12079
0.00 , 0 , 12081
0.00 , 0 , 12082
0.00 , 0 , 12084
0.00 , 0 , 12085
0.00 , 0 , 12087
0.00 , 0 , 12088
0.00 , 0 , 12089
0.00 , 0 , 12091
0.00 , 0 , 12092
0.00 , 0 , 12094
0.00 , 0 , 12095
0.00 , 0 , 12097
0.00 , 0 , 12098
0.00 , 0 , 12100
0.00 , 0 , 12101
0.00 , 0 , 12103
0.00 , 0 , 12104
0.00 , 0 , 12106
0.00 , 0 , 12107
0.00 , 0 , 12109
0.00 , 0 , 12110
0.00 , 0 , 12112
0.00 , 0 , 12113
0.00 , 0 , 12115
0.00 , 0 , 12116
0.00 , 0 , 12119
0.00 , 0 , 12120
0.00 , 0 , 12122
0.00 , 0 , 12123
0.00 , 0 , 12125
0.00 , 0 , 12126
0.00 , 0 , 12128
0.00 , 0 , 12129
0.00 , 0 , 12131
0.00 , 0 , 12132
0.00 , 0 , 12134
0.00 , 0 , 12135
0.00 , 0 , 12137
0.00 , 0 , 12138
0.00 , 0 , 12140
0.00 , 0 , 12141
0.00 , 0 , 12143
0.00 , 0 , 12144
0.00 , 0 , 12146
0.00 , 0 , 12147
0.00 , 0 , 12149
0.00 , 0 , 12150
0.00 , 0 , 12152
0.00 , 0 , 12153
0.00 , 0 , 12155
0.00 , 0 , 12156
0.00 , 0 , 12158
0.00 , 0 , 12160
0.00 , 0 , 12162
0.00 , 0 , 12163
0.00 , 0 , 12165
0.00 , 0 , 12166
0.00 , 0 , 12168
0.00 , 0 , 12169
0.00 , 0 , 12171
0.00 , 0 , 12172
0.00 , 0 , 12174
0.00 , 0 , 12175
0.00 , 0 , 12177
0.00 , 0 , 12178
0.00 , 0 , 12180
0.00 , 0 , 12181
0.00 , 0 , 12183
0.00 , 0 , 12184
0.00 , 0 , 12186
0.00 , 0 , 12187
0.00 , 0 , 12189
0.00 , 0 , 12190
0.00 , 0 , 12192
0.00 , 0 , 12193
0.00 , 0 , 12195
0.00 , 0 , 12196
0.00 , 0 , 12198
0.00 , 0 , 12199
0.00 , 0 , 12201
0.00 , 0 , 12203
0.00 , 0 , 12205
0.00 , 0 , 12206
0.00 , 0 , 12208
0.00 , 0 , 12209
0.00 , 0 , 12211
0.00 , 0 , 12212
0.00 , 0 , 12214
0.00 , 0 , 12215
0.00 , 0 , 12217
0.00 , 0 , 12218
0.00 , 0 , 12219
0.00 , 0 , 12221
0.00 , 0 , 12222
0.00 , 0 , 12224
0.00 , 0 , 12225
0.00 , 0 , 12227
0.00 , 0 , 12228
0.00 , 0 , 12230
0.00 , 0 , 12231
0.00 , 0 , 12233
0.00 , 0 , 12234
0.00 , 0 , 12236
0.00 , 0 , 12237
0.00 , 0 , 12239
0.00 , 0 , 12240
0.00 , 0 , 12242
0.00 , 0 , 12243
0.00 , 0 , 12246
0.00 , 0 , 12247
0.00 , 0 , 12249
0.00 , 0 , 12250
0.00 , 0 , 12252
0.00 , 0 , 12253
0.00 , 0 , 12255
0.00 , 0 , 12256
0.00 , 0 , 12258
0.00 , 0 , 12259
0.00 , 0 , 12261
0.00 , 0 , 12262
0.00 , 0 , 12264
0.00 , 0 , 12265
0.00 , 0 , 12267
0.00 , 0 , 12268
0.00 , 0 , 12270
0.00 , 0 , 12271
0.00 , 0 , 12273
0.00 , 0 , 12274
0.00 , 0 , 12276
0.00 , 0 , 12277
0.00 , 0 , 12279
0.00 , 0 , 12280
0.00 , 0 , 12282
0.00 , 0 , 12283
0.00 , 0 , 12285
0.00 , 0 , 12286
0.00 , 0 , 12289
0.00 , 0 , 12290
0.00 , 0 , 12292
0.00 , 0 , 12293
0.00 , 0 , 12295
0.00 , 0 , 12296
0.00 , 0 , 12298
0.00 , 0 , 12299
0.00 , 0 , 12301
0.00 , 0 , 12302
0.00 , 0 , 12304
0.00 , 0 , 12305
0.00 , 0 , 12307
0.00 , 0 , 12308
0.00 , 0 , 12310
0.00 , 0 , 12311
0.00 , 0 , 12313
0.00 , 0 , 12314
0.00 , 0 , 12316
0.00 , 0 , 12317
0.00 , 0 , 12319
0.00 , 0 , 12320
0.00 , 0 , 12322
0.00 , 0 , 12323
0.00 , 0 , 12325
0.00 , 0 , 12326
0.00 , 0 , 12328
0.00 , 0 , 12329
0.00 , 0 , 12332
0.00 , 0 , 12333
0.00 , 0 , 12335
0.00 , 0 , 12336
0.00 , 0 , 12338
0.00 , 0 , 12339
0.00 , 0 , 12341
0.00 , 0 , 12342
0.00 , 0 , 12344
0.00 , 0 , 12345
0.00 , 0 , 12347
0.00 , 0 , 12348
0.00 , 0 , 12349
0.00 , 0 , 12351
0.00 , 0 , 12352
0.00 , 0 , 12354
0.00 , 0 , 12355
0.00 , 0 , 12357
0.00 , 0 , 12358
0.00 , 0 , 12360
0.00 , 0 , 12361
0.00 , 0 , 12363
0.00 , 0 , 12364
0.00 , 0 , 12366
0.00 , 0 , 12367
0.00 , 0 , 12369
0.00 , 0 , 12370
0.00 , 0 , 12372
0.00 , 0 , 12374
0.00 , 0 , 12376
0.00 , 0 , 12377
0.00 , 0 , 12379
0.00 , 0 , 12380
0.00 , 0 , 12382
0.00 , 0 , 12383
0.00 , 0 , 12385
0.00 , 0 , 12386
0.00 , 0 , 12388
0.00 , 0 , 12389
0.00 , 0 , 12391
0.00 , 0 , 12392
0.00 , 0 , 12394
0.00 , 0 , 12395
0.00 , 0 , 12397
0.00 , 0 , 12398
0.00 , 0 , 12400
0.00 , 0 , 12401
0.00 , 0 , 12403
0.00 , 0 , 12404
0.00 , 0 , 12406
0.00 , 0 , 12407
0.00 , 0 , 12409
0.00 , 0 , 12410
0.00 , 0 , 12412
0.00 , 0 , 12413
0.00 , 0 , 12416
0.00 , 0 , 12417
0.00 , 0 , 12419
0.00 , 0 , 12420
0.00 , 0 , 12422
0.00 , 0 , 12423
0.00 , 0 , 12425
0.00 , 0 , 12426
0.00 , 0 , 12428
0.00 , 0 , 12429
0.00 , 0 , 12431
0.00 , 0 , 12432
0.00 , 0 , 12434
0.00 , 0 , 12435
0.00 , 0 , 12437
0.00 , 0 , 12438
0.00 , 0 , 12440
0.00 , 0 , 12441
0.00 , 0 , 12443
0.00 , 0 , 12444
0.00 , 0 , 12446
0.00 , 0 , 12447
0.00 , 0 , 12449
0.00 , 0 , 12450
0.00 , 0 , 12452
0.00 , 0 , 12453
0.00 , 0 , 12455
0.00 , 0 , 12456
0.00 , 0 , 12459
0.00 , 0 , 12460
0.00 , 0 , 12462
0.00 , 0 , 12463
0.00 , 0 , 12465
0.00 , 0 , 12466
0.00 , 0 , 12468
0.00 , 0 , 12469
0.00 , 0 , 12471
0.00 , 0 , 12472
0.00 , 0 , 12474
0.00 , 0 , 12475
0.00 , 0 , 12477
0.00 , 0 , 12478
0.00 , 0 , 12479
0.00 , 0 , 12481
0.00 , 0 , 12482
0.00 , 0 , 12484
0.00 , 0 , 12485
0.00 , 0 , 12487
0.00 , 0 , 12488
0.00 , 0 , 12490
0.00 , 0 , 12491
0.00 , 0 , 12493
0.00 , 0 , 12494
0.00 , 0 , 12496
0.00 , 0 , 12497
0.00 , 0 , 12499
0.00 , 0 , 12500
0.00 , 0 , 12503
0.00 , 0 , 12504
0.00 , 0 , 12506
0.00 , 0 , 12507
0.00 , 0 , 12509
0.00 , 0 , 12510
0.00 , 0 , 12512
0.00 , 0 , 12513
0.00 , 0 , 12515
0.00 , 0 , 12516
0.00 , 0 , 12518
0.00 , 0 , 12519
0.00 , 0 , 12521
0.00 , 0 , 12522
0.00 , 0 , 12524
0.00 , 0 , 12525
0.00 , 0 , 12527
0.00 , 0 , 12528
0.00 , 0 , 12530
0.00 , 0 , 12531
0.00 , 0 , 12533
0.00 , 0 , 12534
0.00 , 0 , 12536
0.00 , 0 , 12537
0.00 , 0 , 12539
0.00 , 0 , 12540
0.00 , 0 , 12542
0.00 , 0 , 12544
0.00 , 0 , 12546
0.00 , 0 , 12547
0.00 , 0 , 12549
0.00 , 0 , 12550
0.00 , 0 , 12552
0.00 , 0 , 12553
0.00 , 0 , 12555
0.00 , 0 , 12556
0.00 , 0 , 12558
0.00 , 0 , 12559
0.00 , 0 , 12561
0.00 , 0 , 12562
0.00 , 0 , 12564
0.00 , 0 , 12565
0.00 , 0 , 12567
0.00 , 0 , 12568
0.00 , 0 , 12570
0.00 , 0 , 12571
0.00 , 0 , 12573
0.00 , 0 , 12574
0.00 , 0 , 12576
0.00 , 0 , 12577
0.00 , 0 , 12579
0.00 , 0 , 12580
0.00 , 0 , 12582
0.00 , 0 , 12583
0.00 , 0 , 12585
0.00 , 0 , 12587
0.00 , 0 , 12589
0.00 , 0 , 12590
0.00 , 0 , 12592
0.00 , 0 , 12593
0.00 , 0 , 12595
0.00 , 0 , 12596
0.00 , 0 , 12598
0.00 , 0 , 12599
0.00 , 0 , 12601
0.00 , 0 , 12602
0.00 , 0 , 12604
0.00 , 0 , 12605
0.00 , 0 , 12607
0.00 , 0 , 12608
0.00 , 0 , 12610
0.00 , 0 , 12611
0.00 , 0 , 12612
0.00 , 0 , 12614
0.00 , 0 , 12615
0.00 , 0 , 12617
0.00 , 0 , 12618
0.00 , 0 , 12620
0.00 , 0 , 12621
0.00 , 0 , 12623
0.00 , 0 , 12624
0.00 , 0 , 12626
0.00 , 0 , 12627
0.00 , 0 , 12630
0.00 , 0 , 12631
0.00 , 0 , 12633
0.00 , 0 , 12634
0.00 , 0 , 12636
0.00 , 0 , 12637
0.00 , 0 , 12639
0.00 , 0 , 12640
0.00 , 0 , 12642
0.00 , 0 , 12643
0.00 , 0 , 12645
0.00 , 0 , 12646
0.00 , 0 , 12648
0.00 , 0 , 12649
0.00 , 0 , 12651
0.00 , 0 , 12652
0.00 , 0 , 12654
0.00 , 0 , 12655
0.00 , 0 , 12657
0.00 , 0 , 12658
0.00 , 0 , 12660
0.00 , 0 , 12661
0.00 , 0 , 12663
0.00 , 0 , 12664
0.00 , 0 , 12666
0.00 , 0 , 12667
0.00 , 0 , 12669
0.00 , 0 , 12670
0.00 , 0 , 12673
0.00 , 0 , 12674
0.00 , 0 , 12676
0.00 , 0 , 12677
0.00 , 0 , 12679
0.00 , 0 , 12680
0.00 , 0 , 12682
0.00 , 0 , 12683
0.00 , 0 , 12685
0.00 , 0 , 12686
0.00 , 0 , 12688
0.00 , 0 , 12689
0.00 , 0 , 12691
0.00 , 0 , 12692
0.00 , 0 , 12694
0.00 , 0 , 12695
0.00 , 0 , 12697
0.00 , 0 , 12698
0.00 , 0 , 12700
0.00 , 0 , 12701
0.00 , 0 , 12703
0.00 , 0 , 12704
0.00 , 0 , 12706
0.00 , 0 , 12707
0.00 , 0 , 12709
0.00 , 0 , 12710
0.00 , 0 , 12712
0.00 , 0 , 12713
0.00 , 0 , 12716
0.00 , 0 , 12717
0.00 , 0 , 12719
0.00 , 0 , 12720
0.00 , 0 , 12722
0.00 , 0 , 12723
0.00 , 0 , 12725