0.00 , 0 , 3002
0.00 , 0 , 3004
0.00 , 0 , 3007
0.00 , 0 , 3010
0.00 , 0 , 3012
0.00 , 0 , 3015
0.00 , 0 , 3018
0.00 , 0 , 3020
0.00 , 0 , 3023
0.00 , 0 , 3026
0.00 , 0 , 3028
0.00 , 0 , 3032
0.00 , 0 , 3035
0.00 , 0 , 3037
0.00 , 0 , 3040
0.00 , 0 , 3043
0.00 , 0 , 3046
0.00 , 0 , 3048
0.00 , 0 , 3051
0.00 , 0 , 3054
0.00 , 0 , 3056
0.00 , 0 , 3059
0.00 , 0 , 3062
0.00 , 0 , 3064
0.00 , 0 , 3067
0.00 , 0 , 3070
0.00 , 0 , 3073
0.00 , 0 , 3076
0.00 , 0 , 3079
0.00 , 0 , 3081
0.00 , 0 , 3084
0.00 , 0 , 3087
0.00 , 0 , 3089
0.00 , 0 , 3092
0.00 , 0 , 3095
0.00 , 0 , 3097
0.00 , 0 , 3100
0.00 , 0 , 3103
0.00 , 0 , 3105
0.00 , 0 , 3108
0.00 , 0 , 3111
0.00 , 0 , 3113
0.00 , 0 , 3117
0.00 , 0 , 3120
0.00 , 0 , 3122
0.00 , 0 , 3125
0.00 , 0 , 3128
0.00 , 0 , 3130
0.00 , 0 , 3133
0.00 , 0 , 3136
0.00 , 0 , 3138
0.00 , 0 , 3141
0.00 , 0 , 3144
0.00 , 0 , 3146
0.00 , 0 , 3149
0.00 , 0 , 3152
0.00 , 0 , 3155
0.00 , 0 , 3158
0.00 , 0 , 3161
0.00 , 0 , 3164
0.00 , 0 , 3166
0.00 , 0 , 3169
0.00 , 0 , 3172
0.00 , 0 , 3174
0.00 , 0 , 3177
0.00 , 0 , 3180
0.00 , 0 , 3182
0.00 , 0 , 3185
0.00 , 0 , 3188
0.00 , 0 , 3190
0.00 , 0 , 3193
0.00 , 0 , 3196
0.00 , 0 , 3198
0.00 , 0 , 3202
0.00 , 0 , 3205
0.00 , 0 , 3207
0.00 , 0 , 3210
0.00 , 0 , 3213
0.00 , 0 , 3215
0.00 , 0 , 3218
0.00 , 0 , 3221
0.00 , 0 , 3223
0.00 , 0 , 3226
0.00 , 0 , 3229
0.00 , 0 , 3231
0.00 , 0 , 3234
0.00 , 0 , 3237
0.00 , 0 , 3239
0.00 , 0 , 3243
0.00 , 0 , 3246
0.00 , 0 , 3248
0.00 , 0 , 3251
0.00 , 0 , 3254
0.00 , 0 , 3256
0.00 , 0 , 3259
0.00 , 0 , 3262
0.00 , 0 , 3265
0.00 , 0 , 3267
0.00 , 0 , 3270
0.00 , 0 , 3273
0.00 , 0 , 3275
0.00 , 0 , 3278
0.00 , 0 , 3281
0.00 , 0 , 3283
0.00 , 0 , 3287
0.00 , 0 , 3290
0.00 , 0 , 3292
0.00 , 0 , 3295
0.00 , 0 , 3298
0.00 , 0 , 3300
0.00 , 0 , 3303
0.00 , 0 , 3306
0.00 , 0 , 3308
0.00 , 0 , 3311
0.00 , 0 , 3314
0.00 , 0 , 3316
0.00 , 0 , 3319
0.00 , 0 , 3322
0.00 , 0 , 3324
0.00 , 0 , 3328
0.00 , 0 , 3331
0.00 , 0 , 3333
0.00 , 0 , 3336
0.00 , 0 , 3339
0.00 , 0 , 3341
0.00 , 0 , 3344
0.00 , 0 , 3347
0.00 , 0 , 3349
0.00 , 0 , 3352
0.00 , 0 , 3355
0.00 , 0 , 3357
0.00 , 0 , 3360
0.00 , 0 , 3363
0.00 , 0 , 3365
0.00 , 0 , 3368
0.00 , 0 , 3372
0.00 , 0 , 3374
0.00 , 0 , 3377
0.00 , 0 , 3380
0.00 , 0 , 3383
0.00 , 0 , 3385
0.00 , 0 , 3388
0.00 , 0 , 3391
0.00 , 0 , 3393
0.00 , 0 , 3396
0.00 , 0 , 3399
0.00 , 0 , 3401
0.00 , 0 , 3404
0.00 , 0 , 3407
0.00 , 0 , 3409
0.00 , 0 , 3412
0.00 , 0 , 3416
0.00 , 0 , 3418
0.00 , 0 , 3421
0.00 , 0 , 3424
0.00 , 0 , 3426
0.00 , 0 , 3429
0.00 , 0 , 3432
0.00 , 0 , 3434
0.00 , 0 , 3437
0.00 , 0 , 3440
0.00 , 0 , 3442
0.00 , 0 , 3445
0.00 , 0 , 3448
0.00 , 0 , 3450
0.00 , 0 , 3453
0.00 , 0 , 3457
0.00 , 0 , 3459
0.00 , 0 , 3462
0.00 , 0 , 3465
0.00 , 0 , 3467
0.00 , 0 , 3470
0.00 , 0 , 3473
0.00 , 0 , 3475
0.00 , 0 , 3478
0.00 , 0 , 3481
0.00 , 0 , 3483
0.00 , 0 , 3486
0.00 , 0 , 3489
0.00 , 0 , 3491
0.00 , 0 , 3494
0.00 , 0 , 3497
0.00 , 0 , 3501
0.00 , 0 , 3503
0.00 , 0 , 3506
0.00 , 0 , 3509
0.00 , 0 , 3511
0.00 , 0 , 3514
0.00 , 0 , 3517
0.00 , 0 , 3519
0.00 , 0 , 3522
0.00 , 0 , 3525
0.00 , 0 , 3527
0.00 , 0 , 3530
0.00 , 0 , 3533
0.00 , 0 , 3535
0.00 , 0 , 3538
0.00 , 0 , 3542
0.00 , 0 , 3544
0.00 , 0 , 3547
0.00 , 0 , 3550
0.00 , 0 , 3552
0.00 , 0 , 3555
0.00 , 0 , 3558
0.00 , 0 , 3560
0.00 , 0 , 3563
0.00 , 0 , 3566
0.00 , 0 , 3568
0.00 , 0 , 3571
0.00 , 0 , 3574
0.00 , 0 , 3576
0.00 , 0 , 3579
0.00 , 0 , 3582
0.00 , 0 , 3585
0.00 , 0 , 3588
0.00 , 0 , 3591
0.00 , 0 , 3593
0.00 , 0 , 3596
0.00 , 0 , 3599
0.00 , 0 , 3601
0.00 , 0 , 3604
0.00 , 0 , 3607
0.00 , 0 , 3610
0.00 , 0 , 3612
0.00 , 0 , 3615
0.00 , 0 , 3618
0.00 , 0 , 3620
0.00 , 0 , 3623
0.00 , 0 , 3627
0.00 , 0 , 3629
0.00 , 0 , 3632
0.00 , 0 , 3635
0.00 , 0 , 3637
0.00 , 0 , 3640
0.00 , 0 , 3643
0.00 , 0 , 3645
0.00 , 0 , 3648
0.00 , 0 , 3651
0.00 , 0 , 3653
0.00 , 0 , 3656
0.00 , 0 , 3659
0.00 , 0 , 3661
0.00 , 0 , 3664
0.00 , 0 , 3667
0.00 , 0 , 3670
0.00 , 0 , 3673
0.00 , 0 , 3676
0.00 , 0 , 3678
0.00 , 0 , 3681
0.00 , 0 , 3684
0.00 , 0 , 3686
0.00 , 0 , 3689
0.00 , 0 , 3692
0.00 , 0 , 3694
0.00 , 0 , 3697
0.00 , 0 , 3700
0.00 , 0 , 3702
0.00 , 0 , 3705
0.00 , 0 , 3708
0.00 , 0 , 3712
0.00 , 0 , 3714
0.00 , 0 , 3717
0.00 , 0 , 3720
0.00 , 0 , 3722
0.00 , 0 , 3725
0.00 , 0 , 3728
0.00 , 0 , 3730
0.00 , 0 , 3733
0.00 , 0 , 3736
0.00 , 0 , 3738
0.00 , 0 , 3741
0.00 , 0 , 3744
0.00 , 0 , 3746
0.00 , 0 , 3749
0.00 , 0 , 3752
0.00 , 0 , 3755
0.00 , 0 , 3758
0.00 , 0 , 3761
0.00 , 0 , 3763
0.00 , 0 , 3766
0.00 , 0 , 3769
0.00 , 0 , 3771
0.00 , 0 , 3774
0.00 , 0 , 3777
0.00 , 0 , 3779
0.00 , 0 , 3782
0.00 , 0 , 3785
0.00 , 0 , 3787
0.00 , 0 , 3790
0.00 , 0 , 3793
0.00 , 0 , 3795
0.00 , 0 , 3799
0.00 , 0 , 3802
0.00 , 0 , 3804
0.00 , 0 , 3807
0.00 , 0 , 3810
0.00 , 0 , 3812
0.00 , 0 , 3815
0.00 , 0 , 3818
0.00 , 0 , 3821
0.00 , 0 , 3823
0.00 , 0 , 3826
0.00 , 0 , 3829
0.00 , 0 , 3831
0.00 , 0 , 3834
0.00 , 0 , 3837
0.00 , 0 , 3840
0.00 , 0 , 3843
0.00 , 0 , 3846
0.00 , 0 , 3848
0.00 , 0 , 3851
0.00 , 0 , 3854
0.00 , 0 , 3856
0.00 , 0 , 3859
0.00 , 0 , 3862
0.00 , 0 , 3864
0.00 , 0 , 3867
0.00 , 0 , 3870
0.00 , 0 , 3872
0.00 , 0 , 3875
0.00 , 0 , 3878
0.00 , 0 , 3880
0.00 , 0 , 3884
0.00 , 0 , 3887
0.00 , 0 , 3889
0.00 , 0 , 3892
0.00 , 0 , 3895
0.00 , 0 , 3897
0.00 , 0 , 3900
0.00 , 0 , 3903
0.00 , 0 , 3905
0.00 , 0 , 3908
0.00 , 0 , 3911
0.00 , 0 , 3913
0.00 , 0 , 3916
0.00 , 0 , 3919
0.00 , 0 , 3922
0.00 , 0 , 3924
0.00 , 0 , 3928
0.00 , 0 , 3931
0.00 , 0 , 3933
0.00 , 0 , 3936
0.00 , 0 , 3939
0.00 , 0 , 3941
0.00 , 0 , 3944
0.00 , 0 , 3947
0.00 , 0 , 3949
0.00 , 0 , 3952
0.00 , 0 , 3955
0.00 , 0 , 3957
0.00 , 0 , 3960
0.00 , 0 , 3963
0.00 , 0 , 3965
0.00 , 0 , 3969
0.00 , 0 , 3972
0.00 , 0 , 3974
0.00 , 0 , 3977
0.00 , 0 , 3980
0.00 , 0 , 3982
0.00 , 0 , 3985
0.00 , 0 , 3988
0.00 , 0 , 3990
0.00 , 0 , 3993
0.00 , 0 , 3996
0.00 , 0 , 3998
0.00 , 0 , 4001
0.00 , 0 , 4004
0.00 , 0 , 4006
0.00 , 0 , 4009
0.00 , 0 , 4013
0.00 , 0 , 4015
0.00 , 0 , 4018
0.00 , 0 , 4021
0.00 , 0 , 4023
0.00 , 0 , 4026
0.00 , 0 , 4029
0.00 , 0 , 4032
0.00 , 0 , 4034
0.00 , 0 , 4037
0.00 , 0 , 4040
0.00 , 0 , 4042
0.00 , 0 , 4045
0.00 , 0 , 4048
0.00 , 0 , 4050
0.00 , 0 , 4054
0.00 , 0 , 4057
0.00 , 0 , 4059
0.00 , 0 , 4062
0.00 , 0 , 4065
0.00 , 0 , 4067
0.00 , 0 , 4070
0.00 , 0 , 4073
0.00 , 0 , 4075
0.00 , 0 , 4078
0.00 , 0 , 4081
0.00 , 0 , 4083
0.00 , 0 , 4086
0.00 , 0 , 4089
0.00 , 0 , 4091
0.00 , 0 , 4094
0.00 , 0 , 4098
0.00 , 0 , 4100
0.00 , 0 , 4103
0.00 , 0 , 4106
0.00 , 0 , 4108
0.00 , 0 , 4111
0.00 , 0 , 4114
0.00 , 0 , 4116
0.00 , 0 , 4119
0.00 , 0 , 4122
0.00 , 0 , 4124
0.00 , 0 , 4127
0.00 , 0 , 4130
0.00 , 0 , 4132
0.00 , 0 , 4135
0.00 , 0 , 4139
0.00 , 0 , 4141
0.00 , 0 , 4144
0.00 , 0 , 4147
0.00 , 0 , 4150
0.00 , 0 , 4152
0.00 , 0 , 4155
0.00 , 0 , 4158
0.00 , 0 , 4160
0.00 , 0 , 4163
0.00 , 0 , 4166
0.00 , 0 , 4168
0.00 , 0 , 4171
0.00 , 0 , 4174
0.00 , 0 , 4176
0.00 , 0 , 4179
0.00 , 0 , 4183
0.00 , 0 , 4185
0.00 , 0 , 4188
0.00 , 0 , 4191
0.00 , 0 , 4193
0.00 , 0 , 4196
0.00 , 0 , 4199
0.00 , 0 , 4201
0.00 , 0 , 4204
0.00 , 0 , 4207
0.00 , 0 , 4209
0.00 , 0 , 4212
0.00 , 0 , 4215
0.00 , 0 , 4217
0.00 , 0 , 4220
0.00 , 0 , 4224
0.00 , 0 , 4226
0.00 , 0 , 4229
0.00 , 0 , 4232
0.00 , 0 , 4234
0.00 , 0 , 4237
0.00 , 0 , 4240
0.00 , 0 , 4242
0.00 , 0 , 4245
0.00 , 0 , 4248
0.00 , 0 , 4250
0.00 , 0 , 4253
0.00 , 0 , 4256
0.00 , 0 , 4259
0.00 , 0 , 4261
0.00 , 0 , 4264
0.00 , 0 , 4268
0.00 , 0 , 4270
0.00 , 0 , 4273
0.00 , 0 , 4276
0.00 , 0 , 4278
0.00 , 0 , 4281
0.00 , 0 , 4284
0.00 , 0 , 4286
0.00 , 0 , 4289
0.00 , 0 , 4292
0.00 , 0 , 4294
0.00 , 0 , 4297
0.00 , 0 , 4300
0.00 , 0 , 4302
0.00 , 0 , 4305
0.00 , 0 , 4308
0.00 , 0 , 4311
0.00 , 0 , 4314
0.00 , 0 , 4317
0.00 , 0 , 4319
0.00 , 0 , 4322
0.00 , 0 , 4325
0.00 , 0 , 4327
0.00 , 0 , 4330
0.00 , 0 , 4333
0.00 , 0 , 4335
0.00 , 0 , 4338
0.00 , 0 , 4341
0.00 , 0 , 4343
0.00 , 0 , 4346
0.00 , 0 , 4349
0.00 , 0 , 4352
0.00 , 0 , 4355
0.00 , 0 , 4358
0.00 , 0 , 4360
0.00 , 0 , 4363
0.00 , 0 , 4366
0.00 , 0 , 4368
0.00 , 0 , 4371
0.00 , 0 , 4374
0.00 , 0 , 4377
0.00 , 0 , 4379
0.00 , 0 , 4382
0.00 , 0 , 4385
0.00 , 0 , 4387
0.00 , 0 , 4390
0.00 , 0 , 4393
0.00 , 0 , 4396
0.00 , 0 , 4399
0.00 , 0 , 4402
0.00 , 0 , 4404
0.00 , 0 , 4407
0.00 , 0 , 4410
0.00 , 0 , 4412
0.00 , 0 , 4415
0.00 , 0 , 4418
0.00 , 0 , 4420
0.00 , 0 , 4423
0.00 , 0 , 4426
0.00 , 0 , 4428
0.00 , 0 , 4431
0.00 , 0 , 4434
0.00 , 0 , 4436
0.00 , 0 , 4440
0.00 , 0 , 4443
0.00 , 0 , 4445
0.00 , 0 , 4448
0.00 , 0 , 4451
0.00 , 0 , 4453
0.00 , 0 , 4456
0.00 , 0 , 4459
0.00 , 0 , 4461
0.00 , 0 , 4464
0.00 , 0 , 4467
0.00 , 0 , 4469
0.00 , 0 , 4472
0.00 , 0 , 4475
0.00 , 0 , 4478
0.00 , 0 , 4481
0.00 , 0 , 4484
0.00 , 0 , 4487
0.00 , 0 , 4489
0.00 , 0 , 4492
0.00 , 0 , 4495
0.00 , 0 , 4497
0.00 , 0 , 4500
0.00 , 0 , 4503
0.00 , 0 , 4505
0.00 , 0 , 4508
0.00 , 0 , 4511
0.00 , 0 , 4513
0.00 , 0 , 4516
0.00 , 0 , 4519
0.00 , 0 , 4521
0.00 , 0 , 4525
0.00 , 0 , 4528
0.00 , 0 , 4530
0.00 , 0 , 4533
0.00 , 0 , 4536
0.00 , 0 , 4538
0.00 , 0 , 4541
0.00 , 0 , 4544
0.00 , 0 , 4546
0.00 , 0 , 4549
0.00 , 0 , 4552
0.00 , 0 , 4554
0.00 , 0 , 4557
0.00 , 0 , 4560
0.00 , 0 , 4562
0.00 , 0 , 4566
0.00 , 0 , 4569
0.00 , 0 , 4571
0.00 , 0 , 4574
0.00 , 0 , 4577
0.00 , 0 , 4579
0.00 , 0 , 4582
0.00 , 0 , 4585
0.00 , 0 , 4587
0.00 , 0 , 4590
0.00 , 0 , 4593
0.00 , 0 , 4596
0.00 , 0 , 4598
0.00 , 0 , 4601
0.00 , 0 , 4604
0.00 , 0 , 4606
0.00 , 0 , 4610
0.00 , 0 , 4613
0.00 , 0 , 4615
0.00 , 0 , 4618
0.00 , 0 , 4621
0.00 , 0 , 4623
0.00 , 0 , 4626
0.00 , 0 , 4629
0.00 , 0 , 4631
0.00 , 0 , 4634
0.00 , 0 , 4637
0.00 , 0 , 4639
0.00 , 0 , 4642
0.00 , 0 , 4645
0.00 , 0 , 4647
0.00 , 0 , 4651
0.00 , 0 , 4654
0.00 , 0 , 4656
0.00 , 0 , 4659
0.00 , 0 , 4662
0.00 , 0 , 4664
0.00 , 0 , 4667
0.00 , 0 , 4670
0.00 , 0 , 4672
0.00 , 0 , 4675
0.00 , 0 , 4678
0.00 , 0 , 4680
0.00 , 0 , 4683
0.00 , 0 , 4686
0.00 , 0 , 4688
0.00 , 0 , 4691
0.00 , 0 , 4695
0.00 , 0 , 4697
0.00 , 0 , 4700
0.00 , 0 , 4703
0.00 , 0 , 4706
0.00 , 0 , 4708
0.00 , 0 , 4711
0.00 , 0 , 4714
0.00 , 0 , 4716
0.00 , 0 , 4719
0.00 , 0 , 4722
0.00 , 0 , 4724
0.00 , 0 , 4727
0.00 , 0 , 4730
0.00 , 0 , 4732
0.00 , 0 , 4736
0.00 , 0 , 4739
0.00 , 0 , 4741
0.00 , 0 , 4744
0.00 , 0 , 4747
0.00 , 0 , 4749
0.00 , 0 , 4752
0.00 , 0 , 4755
0.00 , 0 , 4757
0.00 , 0 , 4760
0.00 , 0 , 4763
0.00 , 0 , 4765
0.00 , 0 , 4768
0.00 , 0 , 4771
0.00 , 0 , 4773
0.00 , 0 , 4776
0.00 , 0 , 4780
0.00 , 0 , 4782
0.00 , 0 , 4785
0.00 , 0 , 4788
0.00 , 0 , 4790
0.00 , 0 , 4793
0.00 , 0 , 4796
0.00 , 0 , 4798
0.00 , 0 , 4801
0.00 , 0 , 4804
0.00 , 0 , 4807
0.00 , 0 , 4809
0.00 , 0 , 4812
0.00 , 0 , 4815
0.00 , 0 , 4817
0.00 , 0 , 4820
0.00 , 0 , 4824
0.00 , 0 , 4826
0.00 , 0 , 4829
0.00 , 0 , 4832
0.00 , 0 , 4834
0.00 , 0 , 4837
0.00 , 0 , 4840
0.00 , 0 , 4842
0.00 , 0 , 4845
0.00 , 0 , 4848
0.00 , 0 , 4850
0.00 , 0 , 4853
0.00 , 0 , 4856
0.00 , 0 , 4858
0.00 , 0 , 4861
0.00 , 0 , 4865
0.00 , 0 , 4867
0.00 , 0 , 4870
0.00 , 0 , 4873
0.00 , 0 , 4875
0.00 , 0 , 4878
0.00 , 0 , 4881
0.00 , 0 , 4883
0.00 , 0 , 4886
0.00 , 0 , 4889
0.00 , 0 , 4891
0.00 , 0 , 4894
0.00 , 0 , 4897
0.00 , 0 , 4899
0.00 , 0 , 4902
0.00 , 0 , 4905
0.00 , 0 , 4908
0.00 , 0 , 4911
0.00 , 0 , 4914
0.00 , 0 , 4917
0.00 , 0 , 4919
0.00 , 0 , 4922
0.00 , 0 , 4925
0.00 , 0 , 4927
0.00 , 0 , 4930
0.00 , 0 , 4933
0.00 , 0 , 4935
0.00 , 0 , 4938
0.00 , 0 , 4941
0.00 , 0 , 4943
0.00 , 0 , 4946
0.00 , 0 , 4950
0.00 , 0 , 4952
0.00 , 0 , 4955
0.00 , 0 , 4958
0.00 , 0 , 4960
0.00 , 0 , 4963
0.00 , 0 , 4966
0.00 , 0 , 4968
0.00 , 0 , 4971
0.00 , 0 , 4974
0.00 , 0 , 4976
0.00 , 0 , 4979
0.00 , 0 , 4982
0.00 , 0 , 4984
0.00 , 0 , 4987
0.00 , 0 , 4990
0.00 , 0 , 4993
0.00 , 0 , 4996
0.00 , 0 , 4999
0.00 , 0 , 5001
0.00 , 0 , 5004
0.00 , 0 , 5007
0.00 , 0 , 5009
0.00 , 0 , 5012
0.00 , 0 , 5015
0.00 , 0 , 5017
0.00 , 0 , 5020
0.00 , 0 , 5023
0.00 , 0 , 5026
0.00 , 0 , 5028
0.00 , 0 , 5031
0.00 , 0 , 5035
0.00 , 0 , 5037
0.00 , 0 , 5040
0.00 , 0 , 5043
0.00 , 0 , 5045
0.00 , 0 , 5048
0.00 , 0 , 5051
0.00 , 0 , 5053
0.00 , 0 , 5056
0.00 , 0 , 5059
0.00 , 0 , 5061
0.00 , 0 , 5064
0.00 , 0 , 5067
0.00 , 0 , 5069
0.00 , 0 , 5072
0.00 , 0 , 5075
0.00 , 0 , 5078
0.00 , 0 , 5081
0.00 , 0 , 5084
0.00 , 0 , 5086
0.00 , 0 , 5089
0.00 , 0 , 5092
0.00 , 0 , 5094
0.00 , 0 , 5097
0.00 , 0 , 5100
0.00 , 0 , 5102
0.00 , 0 , 5105
0.00 , 0 , 5108
0.00 , 0 , 5110
0.00 , 0 , 5113
0.00 , 0 , 5116
0.00 , 0 , 5118
0.00 , 0 , 5122
0.00 , 0 , 5125
0.00 , 0 , 5128
0.00 , 0 , 5130
0.00 , 0 , 5133
0.00 , 0 , 5136
0.00 , 0 , 5138
0.00 , 0 , 5141
0.00 , 0 , 5144
0.00 , 0 , 5146
0.00 , 0 , 5149
0.00 , 0 , 5152
0.00 , 0 , 5154
0.00 , 0 , 5157
0.00 , 0 , 5160
0.00 , 0 , 5163
0.00 , 0 , 5166
0.00 , 0 , 5169
0.00 , 0 , 5171
0.00 , 0 , 5174
0.00 , 0 , 5177
0.00 , 0 , 5179
0.00 , 0 , 5182
0.00 , 0 , 5185
0.00 , 0 , 5187
0.00 , 0 , 5190
0.00 , 0 , 5193
0.00 , 0 , 5195
0.00 , 0 , 5198
0.00 , 0 , 5201
0.00 , 0 , 5203
0.00 , 0 , 5207
0.00 , 0 , 5210
0.00 , 0 , 5212
0.00 , 0 , 5215
0.00 , 0 , 5218
0.00 , 0 , 5220
0.00 , 0 , 5223
0.00 , 0 , 5226
0.00 , 0 , 5228
0.00 , 0 , 5231
0.00 , 0 , 5234
0.00 , 0 , 5236
0.00 , 0 , 5239
0.00 , 0 , 5242
0.00 , 0 , 5244
0.00 , 0 , 5248
0.00 , 0 , 5251
0.00 , 0 , 5254
0.00 , 0 , 5256
0.00 , 0 , 5259
0.00 , 0 , 5262
0.00 , 0 , 5264
0.00 , 0 , 5267
0.00 , 0 , 5270
0.00 , 0 , 5272
0.00 , 0 , 5275
0.00 , 0 , 5278
0.00 , 0 , 5280
0.00 , 0 , 5283
0.00 , 0 , 5286
0.00 , 0 , 5288
0.00 , 0 , 5292
0.00 , 0 , 5295
0.00 , 0 , 5297
0.00 , 0 , 5300
0.00 , 0 , 5303
0.00 , 0 , 5305
0.00 , 0 , 5308
0.00 , 0 , 5311
0.00 , 0 , 5313
0.00 , 0 , 5316
0.00 , 0 , 5319
0.00 , 0 , 5321
0.00 , 0 , 5324
0.00 , 0 , 5327
0.00 , 0 , 5329
0.00 , 0 , 5332
0.00 , 0 , 5336
0.00 , 0 , 5338
0.00 , 0 , 5341
0.00 , 0 , 5344
0.00 , 0 , 5346
0.00 , 0 , 5349
0.00 , 0 , 5352
0.00 , 0 , 5354
0.00 , 0 , 5357
0.00 , 0 , 5360
0.00 , 0 , 5363
0.00 , 0 , 5365
0.00 , 0 , 5368
0.00 , 0 , 5371
0.00 , 0 , 5373
0.00 , 0 , 5377
0.00 , 0 , 5380
0.00 , 0 , 5382
0.00 , 0 , 5385
0.00 , 0 , 5388
0.00 , 0 , 5390
0.00 , 0 , 5393
0.00 , 0 , 5396
0.00 , 0 , 5398
0.00 , 0 , 5401
0.00 , 0 , 5404
0.00 , 0 , 5406
0.00 , 0 , 5409
0.00 , 0 , 5412
0.00 , 0 , 5414
0.00 , 0 , 5417
0.00 , 0 , 5421
0.00 , 0 , 5423
0.00 , 0 , 5426
0.00 , 0 , 5429
0.00 , 0 , 5431
0.00 , 0 , 5434
0.00 , 0 , 5437
0.00 , 0 , 5439
0.00 , 0 , 5442
0.00 , 0 , 5445
0.00 , 0 , 5447
0.00 , 0 , 5450
0.00 , 0 , 5453
0.00 , 0 , 5455
0.00 , 0 , 5458
0.00 , 0 , 5462
0.00 , 0 , 5464
0.00 , 0 , 5467
0.00 , 0 , 5470
0.00 , 0 , 5473
0.00 , 0 , 5475
0.00 , 0 , 5478
0.00 , 0 , 5481
0.00 , 0 , 5483
0.00 , 0 , 5486
0.00 , 0 , 5489
0.00 , 0 , 5491
0.00 , 0 , 5494
0.00 , 0 , 5497
0.00 , 0 , 5499
0.00 , 0 , 5502
0.00 , 0 , 5506
0.00 , 0 , 5508
0.00 , 0 , 5511
0.00 , 0 , 5514
0.00 , 0 , 5516
0.00 , 0 , 5519
0.00 , 0 , 5522
0.00 , 0 , 5524
0.00 , 0 , 5527
0.00 , 0 , 5530
0.00 , 0 , 5532
0.00 , 0 , 5535
0.00 , 0 , 5538
0.00 , 0 , 5540
0.00 , 0 , 5543
0.00 , 0 , 5547
0.00 , 0 , 5549
0.00 , 0 , 5552
0.00 , 0 , 5555
0.00 , 0 , 5557
0.00 , 0 , 5560
0.00 , 0 , 5563
0.00 , 0 , 5565
0.00 , 0 , 5568
0.00 , 0 , 5571
0.00 , 0 , 5573
0.00 , 0 , 5576
0.00 , 0 , 5579
0.00 , 0 , 5582
0.00 , 0 , 5584
0.00 , 0 , 5587
0.00 , 0 , 5591
0.00 , 0 , 5593
0.00 , 0 , 5596
0.00 , 0 , 5599
0.00 , 0 , 5601
0.00 , 0 , 5604
0.00 , 0 , 5607
0.00 , 0 , 5609
0.00 , 0 , 5612
0.00 , 0 , 5615
0.00 , 0 , 5617
0.00 , 0 , 5620
0.00 , 0 , 5623
0.00 , 0 , 5625
0.00 , 0 , 5628
0.00 , 0 , 5632
0.00 , 0 , 5634
0.00 , 0 , 5637
0.00 , 0 , 5640
0.00 , 0 , 5642
0.00 , 0 , 5645
0.00 , 0 , 5648
0.00 , 0 , 5650
0.00 , 0 , 5653
0.00 , 0 , 5656
0.00 , 0 , 5658
0.00 , 0 , 5661
0.00 , 0 , 5664
0.00 , 0 , 5666
0.00 , 0 , 5669
0.00 , 0 , 5672
0.00 , 0 , 5675
0.00 , 0 , 5678
0.00 , 0 , 5681
0.00 , 0 , 5683
0.00 , 0 , 5686
0.00 , 0 , 5689
0.00 , 0 , 5691
0.00 , 0 , 5694
0.00 , 0 , 5697
0.00 , 0 , 5700
0.00 , 0 , 5702
0.00 , 0 , 5705
0.00 , 0 , 5708
0.00 , 0 , 5710
0.00 , 0 , 5713
0.00 , 0 , 5716
0.00 , 0 , 5719
0.00 , 0 , 5722
0.00 , 0 , 5725
0.00 , 0 , 5727
0.00 , 0 , 5730
0.00 , 0 , 5733
0.00 , 0 , 5735
0.00 , 0 , 5738
0.00 , 0 , 5741
0.00 , 250 , 5743
0.00 , 250 , 5746
0.00 , 250 , 5749
0.00 , 250 , 5752
0.00 , 250 , 5754
0.00 , 250 , 5757
0.00 , 250 , 5761
0.00 , 250 , 5764
1.26 , 250 , 5767
1.26 , 250 , 5769
3.79 , 250 , 5772
5.05 , 250 , 5775
7.57 , 250 , 5778
10.10 , 250 , 5781
11.36 , 250 , 5784
12.62 , 250 , 5787
12.62 , 250 , 5789
11.36 , 250 , 5792
11.36 , 250 , 5795
11.36 , 250 , 5798
11.36 , 250 , 5801
11.36 , 250 , 5805
11.36 , 250 , 5808
11.36 , 250 , 5811
11.36 , 250 , 5813
11.36 , 250 , 5816
11.36 , 250 , 5819
11.36 , 250 , 5822
12.62 , 250 , 5825
12.62 , 250 , 5828
12.62 , 250 , 5831
13.88 , 250 , 5834
13.88 , 250 , 5836
15.15 , 250 , 5839
15.15 , 250 , 5842
16.41 , 250 , 5846
16.41 , 250 , 5849
16.41 , 250 , 5852
16.41 , 250 , 5855
16.41 , 250 , 5858
17.67 , 250 , 5860
17.67 , 250 , 5863
17.67 , 250 , 5866
18.93 , 250 , 5869
18.93 , 250 , 5872
18.93 , 250 , 5875
18.93 , 250 , 5878
18.93 , 250 , 5880
18.93 , 250 , 5883
20.19 , 0 , 5886
20.19 , 0 , 5890
21.46 , 0 , 5893
21.46 , 0 , 5896
21.46 , 0 , 5898
20.19 , 0 , 5901
20.19 , 0 , 5904
20.19 , 0 , 5907
18.93 , 0 , 5909
18.93 , 0 , 5912
18.93 , 0 , 5915
17.67 , 0 , 5918
17.67 , 0 , 5921
17.67 , 0 , 5923
16.41 , 0 , 5926
16.41 , 0 , 5929
16.41 , 0 , 5933
15.15 , 0 , 5935
15.15 , 0 , 5938
15.15 , 0 , 5941
15.15 , 0 , 5944
15.15 , 0 , 5947
13.88 , 0 , 5949
13.88 , 0 , 5952
13.88 , 0 , 5955
13.88 , 0 , 5958
13.88 , 0 , 5961
13.88 , 0 , 5963
13.88 , 0 , 5966
13.88 , 0 , 5969
13.88 , 0 , 5972
13.88 , 0 , 5975
13.88 , 0 , 5978
13.88 , 0 , 5981
13.88 , 0 , 5984
13.88 , 0 , 5987
13.88 , 0 , 5989
13.88 , 0 , 5992
13.88 , 0 , 5995
13.88 , 0 , 5998
13.88 , 0 , 6000
13.88 , 0 , 6003
13.88 , 0 , 6006
13.88 , 0 , 6009
13.88 , 0 , 6012
13.88 , 0 , 6014
13.88 , 0 , 6018
13.88 , 0 , 6021
13.88 , 0 , 6024
12.62 , 0 , 6026
12.62 , 0 , 6029
12.62 , 0 , 6032
11.36 , 0 , 6035
11.36 , 0 , 6038
10.10 , 0 , 6040
10.10 , 0 , 6043
8.84 , 0 , 6046
8.84 , 0 , 6049
7.57 , 0 , 6051
7.57 , 0 , 6054
6.31 , 0 , 6057
6.31 , 0 , 6061
5.05 , 0 , 6063
5.05 , 0 , 6066
3.79 , 0 , 6069
3.79 , 0 , 6072
2.52 , 0 , 6074
2.52 , 0 , 6077
2.52 , 0 , 6080
1.26 , 0 , 6082
1.26 , 0 , 6085
0.00 , 0 , 6088
0.00 , 0 , 6091
0.00 , 0 , 6093
-1.26 , 0 , 6096
-1.26 , 0 , 6099
-1.26 , 0 , 6102
-2.52 , 0 , 6105
-2.52 , 0 , 6108
-2.52 , 0 , 6111
-3.79 , 0 , 6113
-3.79 , 0 , 6116
-3.79 , 0 , 6119
-3.79 , 0 , 6122
-3.79 , 0 , 6124
-3.79 , 0 , 6127
-3.79 , 0 , 6130
-3.79 , 0 , 6132
-3.79 , 0 , 6135
-2.52 , 0 , 6138
-2.52 , 0 , 6141
-2.52 , 0 , 6144
-2.52 , 0 , 6147
-2.52 , 0 , 6150
-2.52 , 0 , 6153
-2.52 , 0 , 6155
-2.52 , 0 , 6158
-2.52 , 0 , 6161
-1.26 , 0 , 6164
-1.26 , 0 , 6166
-1.26 , 0 , 6169
-1.26 , 0 , 6172
-1.26 , 0 , 6174
-1.26 , 0 , 6177
-1.26 , 0 , 6180
-1.26 , 0 , 6183
0.00 , 0 , 6185
0.00 , 0 , 6189
0.00 , 0 , 6192
0.00 , 0 , 6194
0.00 , 0 , 6197
0.00 , 0 , 6200
0.00 , 0 , 6202
0.00 , 0 , 6205
0.00 , 0 , 6208
0.00 , 0 , 6210
0.00 , 0 , 6213
0.00 , 0 , 6216
0.00 , 0 , 6218
0.00 , 0 , 6221
0.00 , 0 , 6224
0.00 , 0 , 6226
0.00 , 0 , 6230
0.00 , 0 , 6233
0.00 , 0 , 6236
0.00 , 0 , 6238
0.00 , 0 , 6241
0.00 , 0 , 6244
0.00 , 0 , 6246
0.00 , 0 , 6249
0.00 , 0 , 6252
0.00 , 0 , 6254
0.00 , 0 , 6257
0.00 , 0 , 6260
0.00 , 0 , 6262
0.00 , 0 , 6265
0.00 , 0 , 6268
0.00 , 0 , 6270
0.00 , 0 , 6274
0.00 , 0 , 6277
0.00 , 0 , 6279
0.00 , 0 , 6282
0.00 , 0 , 6285
0.00 , 0 , 6287
0.00 , 0 , 6290
0.00 , 0 , 6293
0.00 , 0 , 6295
0.00 , 0 , 6298
0.00 , 0 , 6301
0.00 , 0 , 6303
0.00 , 0 , 6306
0.00 , 0 , 6309
0.00 , 0 , 6311
0.00 , 0 , 6315
0.00 , 0 , 6318
0.00 , 0 , 6320
0.00 , 0 , 6323
0.00 , 0 , 6326
0.00 , 0 , 6328
0.00 , 0 , 6331
0.00 , 0 , 6334
0.00 , 0 , 6337
0.00 , 0 , 6339
0.00 , 0 , 6342
0.00 , 0 , 6345
0.00 , 0 , 6347
0.00 , 0 , 6350
0.00 , 0 , 6353
0.00 , 0 , 6355
0.00 , 0 , 6359
0.00 , 0 , 6362
0.00 , 0 , 6364
0.00 , 0 , 6367
0.00 , 0 , 6370
0.00 , 0 , 6372
0.00 , 0 , 6375
0.00 , 0 , 6378
0.00 , 0 , 6380
0.00 , 0 , 6383
0.00 , 0 , 6386
0.00 , 0 , 6388
0.00 , 0 , 6391
0.00 , 0 , 6394
0.00 , 0 , 6396
0.00 , 0 , 6400
0.00 , 0 , 6403
0.00 , 0 , 6405
0.00 , 0 , 6408
0.00 , 0 , 6411
0.00 , 0 , 6413
0.00 , 0 , 6416
0.00 , 0 , 6419
0.00 , 0 , 6421
0.00 , 0 , 6424
0.00 , 0 , 6427
0.00 , 0 , 6429
0.00 , 0 , 6432
0.00 , 0 , 6435
0.00 , 0 , 6438
0.00 , 0 , 6440
0.00 , 0 , 6444
0.00 , 0 , 6447
0.00 , 0 , 6449
0.00 , 0 , 6452
0.00 , 0 , 6455
0.00 , 0 , 6457
0.00 , 0 , 6460
0.00 , 0 , 6463
0.00 , 0 , 6465
0.00 , 0 , 6468
0.00 , 0 , 6471
0.00 , 0 , 6473
0.00 , 0 , 6476
0.00 , 0 , 6479
0.00 , 0 , 6481
0.00 , 0 , 6484
0.00 , 0 , 6488
0.00 , 0 , 6490
0.00 , 0 , 6493
0.00 , 0 , 6496
0.00 , 0 , 6498
0.00 , 0 , 6501
0.00 , 0 , 6504
0.00 , 0 , 6506
0.00 , 0 , 6509
0.00 , 0 , 6512
0.00 , 0 , 6514
0.00 , 0 , 6517
0.00 , 0 , 6520
0.00 , 0 , 6522
0.00 , 0 , 6525
0.00 , 0 , 6529
0.00 , 0 , 6531
0.00 , 0 , 6534
0.00 , 0 , 6537
0.00 , 0 , 6539
0.00 , 0 , 6542
0.00 , 0 , 6545
0.00 , 0 , 6548
0.00 , 0 , 6550
0.00 , 0 , 6553
0.00 , 0 , 6556
0.00 , 0 , 6558
0.00 , 0 , 6561
0.00 , 0 , 6564
0.00 , 0 , 6566
0.00 , 0 , 6569
0.00 , 0 , 6573
0.00 , 0 , 6575
0.00 , 0 , 6578
0.00 , 0 , 6581
0.00 , 0 , 6583
0.00 , 0 , 6586
0.00 , 0 , 6589
0.00 , 0 , 6591
0.00 , 0 , 6594
0.00 , 0 , 6597
0.00 , 0 , 6599
0.00 , 0 , 6602
0.00 , 0 , 6605
0.00 , 0 , 6607
0.00 , 0 , 6610
0.00 , 0 , 6614
0.00 , 0 , 6616
0.00 , 0 , 6619
0.00 , 0 , 6622
0.00 , 0 , 6624
0.00 , 0 , 6627
0.00 , 0 , 6630
0.00 , 0 , 6632
0.00 , 0 , 6635
0.00 , 0 , 6638
0.00 , 0 , 6640
0.00 , 0 , 6643
0.00 , 0 , 6646
0.00 , 0 , 6648
0.00 , 0 , 6651
0.00 , 0 , 6654
0.00 , 0 , 6658
0.00 , 0 , 6660
0.00 , 0 , 6663
0.00 , 0 , 6666
0.00 , 0 , 6668
0.00 , 0 , 6671
0.00 , 0 , 6674
0.00 , 0 , 6676
0.00 , 0 , 6679
0.00 , 0 , 6682
0.00 , 0 , 6684
0.00 , 0 , 6687
0.00 , 0 , 6690
0.00 , 0 , 6692
0.00 , 0 , 6695
0.00 , 0 , 6699
0.00 , 0 , 6701
0.00 , 0 , 6704
0.00 , 0 , 6707
0.00 , 0 , 6709
0.00 , 0 , 6712
0.00 , 0 , 6715
0.00 , 0 , 6717
0.00 , 0 , 6720
0.00 , 0 , 6723
0.00 , 0 , 6725
0.00 , 0 , 6728
0.00 , 0 , 6731
0.00 , 0 , 6733
0.00 , 0 , 6736
0.00 , 0 , 6739
0.00 , 0 , 6742
0.00 , 0 , 6745
0.00 , 0 , 6748
0.00 , 0 , 6750
0.00 , 0 , 6753
0.00 , 0 , 6756
0.00 , 0 , 6759
0.00 , 0 , 6761
0.00 , 0 , 6764
0.00 , 0 , 6767
0.00 , 0 , 6769
0.00 , 0 , 6772
0.00 , 0 , 6775
0.00 , 0 , 6777
0.00 , 0 , 6780
0.00 , 0 , 6784
0.00 , 0 , 6786
0.00 , 0 , 6789
0.00 , 0 , 6792
0.00 , 0 , 6794
0.00 , 0 , 6797
0.00 , 0 , 6800
0.00 , 0 , 6802
0.00 , 0 , 6805
0.00 , 0 , 6808
0.00 , 0 , 6810
0.00 , 0 , 6813
0.00 , 0 , 6816
0.00 , 0 , 6818
0.00 , 0 , 6821
0.00 , 0 , 6824
0.00 , 0 , 6827
0.00 , 0 , 6830
0.00 , 0 , 6833
0.00 , 0 , 6835
0.00 , 0 , 6838
0.00 , 0 , 6841
0.00 , 0 , 6843
0.00 , 0 , 6846
0.00 , 0 , 6849
0.00 , 0 , 6851
0.00 , 0 , 6854
0.00 , 0 , 6857
0.00 , 0 , 6859
0.00 , 0 , 6862
0.00 , 0 , 6865
0.00 , 0 , 6868
0.00 , 0 , 6871
0.00 , 0 , 6874
0.00 , 0 , 6877
0.00 , 0 , 6879
0.00 , 0 , 6882
0.00 , 0 , 6885
0.00 , 0 , 6887
0.00 , 0 , 6890
0.00 , 0 , 6893
0.00 , 0 , 6895
0.00 , 0 , 6898
0.00 , 0 , 6901
0.00 , 0 , 6903
0.00 , 0 , 6906
0.00 , 0 , 6909
0.00 , 0 , 6912
0.00 , 0 , 6915
0.00 , 0 , 6918
0.00 , 0 , 6920
0.00 , 0 , 6923
0.00 , 0 , 6926
0.00 , 0 , 6928
0.00 , 0 , 6931
0.00 , 0 , 6934
0.00 , 0 , 6936
0.00 , 0 , 6939
0.00 , 0 , 6942
0.00 , 0 , 6944
0.00 , 0 , 6947
0.00 , 0 , 6950
0.00 , 0 , 6952
0.00 , 0 , 6956
0.00 , 0 , 6959
0.00 , 0 , 6961
0.00 , 0 , 6964
0.00 , 0 , 6967
0.00 , 0 , 6970
0.00 , 0 , 6972
0.00 , 0 , 6975
0.00 , 0 , 6978
0.00 , 0 , 6980
0.00 , 0 , 6983
0.00 , 0 , 6986
0.00 , 0 , 6988
0.00 , 0 , 6991
0.00 , 0 , 6994
0.00 , 0 , 6996
0.00 , 0 , 7000
0.00 , 0 , 7003
0.00 , 0 , 7005
0.00 , 0 , 7008
0.00 , 0 , 7011
0.00 , 0 , 7013
0.00 , 0 , 7016
0.00 , 0 , 7019
0.00 , 0 , 7021
0.00 , 0 , 7024
0.00 , 0 , 7027
0.00 , 0 , 7029
0.00 , 0 , 7032
0.00 , 0 , 7035
0.00 , 0 , 7037
0.00 , 0 , 7041
0.00 , 0 , 7044
0.00 , 0 , 7046
0.00 , 0 , 7049
0.00 , 0 , 7052
0.00 , 0 , 7054
0.00 , 0 , 7057
0.00 , 0 , 7060
0.00 , 0 , 7062
0.00 , 0 , 7065
0.00 , 0 , 7068
0.00 , 0 , 7071
0.00 , 0 , 7073
0.00 , 0 , 7076
0.00 , 0 , 7079
0.00 , 0 , 7081
0.00 , 0 , 7085
0.00 , 0 , 7088
0.00 , 0 , 7090
0.00 , 0 , 7093
0.00 , 0 , 7096
0.00 , 0 , 7098
0.00 , 0 , 7101
0.00 , 0 , 7104
0.00 , 0 , 7106
0.00 , 0 , 7109
0.00 , 0 , 7112
0.00 , 0 , 7114
0.00 , 0 , 7117
0.00 , 0 , 7120
0.00 , 0 , 7122
0.00 , 0 , 7126
0.00 , 230 , 7129
0.00 , 230 , 7132
1.26 , 230 , 7134
1.26 , 230 , 7137
2.52 , 230 , 7140
3.79 , 230 , 7143
6.31 , 230 , 7146
8.84 , 230 , 7149
10.10 , 230 , 7151
11.36 , 230 , 7154
12.62 , 230 , 7157
12.62 , 230 , 7160
12.62 , 230 , 7163
12.62 , 230 , 7166
12.62 , 230 , 7170
12.62 , 230 , 7173
12.62 , 230 , 7175
12.62 , 230 , 7178
12.62 , 230 , 7181
12.62 , 230 , 7184
12.62 , 230 , 7187
12.62 , 230 , 7190
12.62 , 230 , 7193
12.62 , 230 , 7196
13.88 , 230 , 7198
13.88 , 230 , 7201
13.88 , 230 , 7204
13.88 , 230 , 7207
15.15 , 230 , 7211
16.41 , 230 , 7214
17.67 , 230 , 7217
17.67 , 230 , 7220
17.67 , 230 , 7222
17.67 , 230 , 7225
17.67 , 230 , 7228
17.67 , 230 , 7231
17.67 , 230 , 7234
17.67 , 230 , 7237
18.93 , 230 , 7240
18.93 , 230 , 7243
20.19 , 230 , 7245
20.19 , 230 , 7248
20.19 , 230 , 7251
20.19 , 230 , 7255
21.46 , 230 , 7258
21.46 , 230 , 7261
21.46 , 230 , 7264
21.46 , 230 , 7267
21.46 , 230 , 7269
22.72 , 230 , 7272
22.72 , 230 , 7275
23.98 , 230 , 7278
23.98 , 230 , 7281
25.24 , 230 , 7284
25.24 , 230 , 7287
25.24 , 230 , 7290
25.24 , 230 , 7292
25.24 , 230 , 7296
25.24 , 230 , 7299
25.24 , 230 , 7302
26.51 , 230 , 7305
26.51 , 230 , 7308
27.77 , 230 , 7311
27.77 , 230 , 7314
29.03 , 230 , 7316
29.03 , 230 , 7319
29.03 , 230 , 7322
30.29 , 230 , 7325
30.29 , 230 , 7328
30.29 , 230 , 7331
30.29 , 230 , 7334
30.29 , 230 , 7337
31.55 , 230 , 7340
31.55 , 230 , 7343
32.82 , 230 , 7346
34.08 , 230 , 7349
34.08 , 230 , 7352
34.08 , 230 , 7355
34.08 , 230 , 7358
34.08 , 230 , 7361
34.08 , 0 , 7363
34.08 , 0 , 7366
34.08 , 0 , 7369
34.08 , 0 , 7372
34.08 , 0 , 7374
32.82 , 0 , 7377
32.82 , 0 , 7380
32.82 , 0 , 7384
32.82 , 0 , 7387
32.82 , 0 , 7389
32.82 , 0 , 7392
32.82 , 0 , 7395
32.82 , 0 , 7398
32.82 , 0 , 7400
32.82 , 0 , 7403
32.82 , 0 , 7406
32.82 , 0 , 7409
32.82 , 0 , 7412
32.82 , 0 , 7414
32.82 , 0 , 7417
32.82 , 0 , 7420
32.82 , 0 , 7424
32.82 , 0 , 7426
32.82 , 0 , 7429
32.82 , 0 , 7432
32.82 , 0 , 7435
32.82 , 0 , 7438
32.82 , 0 , 7440
32.82 , 0 , 7443
32.82 , 0 , 7446
32.82 , 0 , 7449
32.82 , 0 , 7452
32.82 , 0 , 7454
32.82 , 0 , 7457
32.82 , 0 , 7460
32.82 , 0 , 7463
32.82 , 0 , 7465
32.82 , 0 , 7469
32.82 , 0 , 7472
32.82 , 0 , 7475
32.82 , 0 , 7478
32.82 , 0 , 7480
31.55 , 0 , 7483
31.55 , 0 , 7486
31.55 , 0 , 7489
31.55 , 0 , 7491
31.55 , 0 , 7494
30.29 , 0 , 7497
30.29 , 0 , 7500
30.29 , 0 , 7503
29.03 , 0 , 7505
29.03 , 0 , 7508
27.77 , 0 , 7512
27.77 , 0 , 7515
27.77 , 0 , 7518
27.77 , 0 , 7520
26.51 , 0 , 7523
26.51 , 0 , 7526
26.51 , 0 , 7529
25.24 , 0 , 7531
25.24 , 0 , 7534
25.24 , 0 , 7537
23.98 , 0 , 7540
23.98 , 0 , 7543
23.98 , 0 , 7545
22.72 , 0 , 7548
22.72 , 0 , 7552
21.46 , 0 , 7555
21.46 , 0 , 7557
20.19 , 0 , 7560
20.19 , 0 , 7563
20.19 , 0 , 7566
18.93 , 0 , 7569
18.93 , 0 , 7571
17.67 , 0 , 7574
17.67 , 0 , 7577
16.41 , 0 , 7580
16.41 , 0 , 7583
15.15 , 0 , 7585
15.15 , 0 , 7588
13.88 , 0 , 7591
13.88 , 0 , 7595
13.88 , 0 , 7598
12.62 , 0 , 7600
12.62 , 0 , 7603
11.36 , 0 , 7606
11.36 , 0 , 7609
10.10 , 0 , 7611
8.84 , 0 , 7614
8.84 , 0 , 7617
7.57 , 0 , 7620
6.31 , 0 , 7622
6.31 , 0 , 7625
5.05 , 0 , 7628
5.05 , 0 , 7631
3.79 , 0 , 7633
2.52 , 0 , 7636
2.52 , 0 , 7640
1.26 , 0 , 7643
0.00 , 0 , 7645
0.00 , 0 , 7648
-1.26 , 0 , 7651
-1.26 , 0 , 7653
-2.52 , 0 , 7656
-2.52 , 0 , 7659
-3.79 , 0 , 7662
-3.79 , 0 , 7664
-5.05 , 0 , 7667
-5.05 , 0 , 7670
-6.31 , 0 , 7673
-6.31 , 0 , 7675
-6.31 , 0 , 7678
-6.31 , 0 , 7682
-6.31 , 0 , 7684
-6.31 , 0 , 7687
-5.05 , 0 , 7690
-5.05 , 0 , 7693
-5.05 , 0 , 7695
-5.05 , 0 , 7698
-5.05 , 0 , 7701
-5.05 , 0 , 7704
-3.79 , 0 , 7706
-3.79 , 0 , 7709
-3.79 , 0 , 7712
-3.79 , 0 , 7715
-2.52 , 0 , 7717
-2.52 , 0 , 7720
-2.52 , 0 , 7724
-2.52 , 0 , 7727
-1.26 , 0 , 7729
-1.26 , 0 , 7732
-1.26 , 0 , 7735
-1.26 , 0 , 7737
-1.26 , 0 , 7740
0.00 , 0 , 7743
0.00 , 0 , 7746
0.00 , 0 , 7748
0.00 , 0 , 7751
0.00 , 0 , 7754
0.00 , 0 , 7756
0.00 , 0 , 7759
1.26 , 0 , 7762
1.26 , 0 , 7764
1.26 , 0 , 7768
1.26 , 0 , 7771
1.26 , 0 , 7774
1.26 , 0 , 7776
1.26 , 0 , 7779
1.26 , 0 , 7782
1.26 , 0 , 7784
2.52 , 0 , 7787
2.52 , 0 , 7790
2.52 , 0 , 7793
2.52 , 0 , 7795
2.52 , 0 , 7798
2.52 , 0 , 7801
2.52 , 0 , 7804
2.52 , 0 , 7806
2.52 , 0 , 7810
2.52 , 0 , 7813
2.52 , 0 , 7815
2.52 , 0 , 7818
2.52 , 0 , 7821
2.52 , 0 , 7824
2.52 , 0 , 7826
2.52 , 0 , 7829
2.52 , 0 , 7832
2.52 , 0 , 7835
2.52 , 0 , 7837
2.52 , 0 , 7840
2.52 , 0 , 7843
2.52 , 0 , 7845
2.52 , 0 , 7848
2.52 , 0 , 7852
2.52 , 0 , 7855
1.26 , 0 , 7857
1.26 , 0 , 7860
1.26 , 0 , 7863
1.26 , 0 , 7866
1.26 , 0 , 7868
1.26 , 0 , 7871
1.26 , 0 , 7874
1.26 , 0 , 7876
1.26 , 0 , 7879
1.26 , 0 , 7882
1.26 , 0 , 7885
1.26 , 0 , 7887
1.26 , 0 , 7890
1.26 , 0 , 7894
1.26 , 0 , 7897
1.26 , 0 , 7899
1.26 , 0 , 7902
1.26 , 0 , 7905
1.26 , 0 , 7907
1.26 , 0 , 7910
1.26 , 0 , 7913
1.26 , 0 , 7916
1.26 , 0 , 7918
1.26 , 0 , 7921
1.26 , 0 , 7924
1.26 , 0 , 7927
1.26 , 0 , 7929
1.26 , 0 , 7932
1.26 , 0 , 7936
1.26 , 0 , 7938
1.26 , 0 , 7941
1.26 , 0 , 7944
1.26 , 0 , 7947
1.26 , 0 , 7949
1.26 , 0 , 7952
1.26 , 0 , 7955
1.26 , 0 , 7958
1.26 , 0 , 7960
1.26 , 0 , 7963
1.26 , 0 , 7966
1.26 , 0 , 7968
1.26 , 0 , 7971
1.26 , 0 , 7974
1.26 , 0 , 7977
1.26 , 0 , 7980
1.26 , 0 , 7983
1.26 , 0 , 7986
1.26 , 0 , 7989
1.26 , 0 , 7991
1.26 , 0 , 7994
1.26 , 0 , 7997
1.26 , 0 , 7999
1.26 , 0 , 8002
1.26 , 0 , 8005
1.26 , 0 , 8008
1.26 , 0 , 8010
1.26 , 0 , 8013
1.26 , 0 , 8016
1.26 , 0 , 8019
1.26 , 0 , 8022
1.26 , 0 , 8025
1.26 , 0 , 8028
1.26 , 0 , 8030
1.26 , 0 , 8033
1.26 , 0 , 8036
1.26 , 0 , 8039
1.26 , 0 , 8041
1.26 , 0 , 8044
1.26 , 0 , 8047
1.26 , 0 , 8049
1.26 , 0 , 8052
1.26 , 0 , 8055
1.26 , 0 , 8058
1.26 , 0 , 8060
1.26 , 0 , 8064
1.26 , 0 , 8067
1.26 , 0 , 8070
1.26 , 0 , 8072
1.26 , 0 , 8075
1.26 , 0 , 8078
1.26 , 0 , 8080
1.26 , 0 , 8083
1.26 , 0 , 8086
1.26 , 0 , 8089
1.26 , 0 , 8091
1.26 , 0 , 8094
1.26 , 0 , 8097
1.26 , 0 , 8100
1.26 , 0 , 8102
1.26 , 0 , 8105
1.26 , 0 , 8109
1.26 , 0 , 8111
1.26 , 0 , 8114
1.26 , 0 , 8117
1.26 , 0 , 8120
1.26 , 0 , 8122
1.26 , 0 , 8125
1.26 , 0 , 8128
1.26 , 0 , 8130
1.26 , 0 , 8133
1.26 , 0 , 8136
1.26 , 0 , 8139
1.26 , 0 , 8141
1.26 , 0 , 8144
1.26 , 0 , 8147
1.26 , 0 , 8151
1.26 , 0 , 8153
1.26 , 0 , 8156
1.26 , 0 , 8159
1.26 , 0 , 8161
1.26 , 0 , 8164
1.26 , 0 , 8167
1.26 , 0 , 8170
1.26 , 0 , 8172
1.26 , 0 , 8175
1.26 , 0 , 8178
1.26 , 0 , 8181
1.26 , 0 , 8183
1.26 , 0 , 8186
1.26 , 0 , 8189
1.26 , 0 , 8192
1.26 , 0 , 8195
1.26 , 0 , 8198
1.26 , 0 , 8201
1.26 , 0 , 8203
1.26 , 0 , 8206
1.26 , 0 , 8209
1.26 , 0 , 8212
1.26 , 0 , 8214
1.26 , 0 , 8217
1.26 , 0 , 8220
1.26 , 0 , 8222
1.26 , 0 , 8225
1.26 , 0 , 8228
1.26 , 0 , 8231
1.26 , 0 , 8233
1.26 , 0 , 8237
1.26 , 0 , 8240
1.26 , 0 , 8242
1.26 , 0 , 8245
1.26 , 0 , 8248
1.26 , 0 , 8251
1.26 , 0 , 8253
1.26 , 0 , 8256
1.26 , 0 , 8259
1.26 , 0 , 8262
1.26 , 0 , 8264
1.26 , 0 , 8267
1.26 , 0 , 8270
1.26 , 0 , 8272
1.26 , 0 , 8275
1.26 , 0 , 8279
1.26 , 0 , 8282
1.26 , 0 , 8284
1.26 , 0 , 8287
1.26 , 0 , 8290
1.26 , 0 , 8293
1.26 , 0 , 8295
1.26 , 0 , 8298
1.26 , 0 , 8301
1.26 , 0 , 8303
1.26 , 0 , 8306
1.26 , 0 , 8309
1.26 , 0 , 8312
1.26 , 0 , 8314
1.26 , 0 , 8317
1.26 , 0 , 8321
1.26 , 0 , 8324
1.26 , 0 , 8326
1.26 , 0 , 8329
1.26 , 0 , 8332
1.26 , 0 , 8334
1.26 , 0 , 8337
1.26 , 0 , 8340
1.26 , 0 , 8343
1.26 , 0 , 8345
1.26 , 0 , 8348
1.26 , 0 , 8351
1.26 , 0 , 8354
1.26 , 0 , 8356
1.26 , 0 , 8359
1.26 , 0 , 8363
1.26 , 0 , 8365
1.26 , 0 , 8368
1.26 , 0 , 8371
1.26 , 0 , 8374
1.26 , 0 , 8376
1.26 , 0 , 8379
1.26 , 0 , 8382
1.26 , 0 , 8384
1.26 , 0 , 8387
1.26 , 0 , 8390
1.26 , 0 , 8393
1.26 , 0 , 8395
1.26 , 0 , 8398
1.26 , 0 , 8401
1.26 , 0 , 8404
1.26 , 0 , 8407
1.26 , 0 , 8410
1.26 , 0 , 8413
1.26 , 0 , 8415
1.26 , 0 , 8418
1.26 , 0 , 8421
1.26 , 0 , 8424
1.26 , 0 , 8426
1.26 , 0 , 8429
1.26 , 0 , 8432
1.26 , 0 , 8435
1.26 , 0 , 8437
1.26 , 0 , 8440
1.26 , 0 , 8443
1.26 , 0 , 8445
1.26 , 0 , 8449
1.26 , 0 , 8452
1.26 , 0 , 8455
1.26 , 0 , 8457
1.26 , 0 , 8460
1.26 , 0 , 8463
1.26 , 0 , 8466
1.26 , 0 , 8468
1.26 , 0 , 8471
1.26 , 0 , 8474
1.26 , 0 , 8476
1.26 , 0 , 8479
1.26 , 0 , 8482
1.26 , 0 , 8485
1.26 , 0 , 8487
1.26 , 0 , 8491
1.26 , 0 , 8494
1.26 , 0 , 8496
1.26 , 0 , 8499
1.26 , 0 , 8502
1.26 , 0 , 8505
1.26 , 0 , 8507
1.26 , 0 , 8510
1.26 , 0 , 8513
1.26 , 0 , 8516
1.26 , 0 , 8518
1.26 , 0 , 8521
1.26 , 0 , 8524
1.26 , 0 , 8526
1.26 , 0 , 8529
1.26 , 0 , 8532
1.26 , 0 , 8536
1.26 , 0 , 8538
1.26 , 250 , 8541
1.26 , 250 , 8544
1.26 , 250 , 8547
2.52 , 250 , 8550
3.79 , 250 , 8552
6.31 , 250 , 8555
7.57 , 250 , 8558
8.84 , 250 , 8561
10.10 , 250 , 8564
10.10 , 250 , 8567
10.10 , 250 , 8570
8.84 , 250 , 8572
8.84 , 250 , 8576
8.84 , 250 , 8579
8.84 , 250 , 8582
8.84 , 250 , 8585
8.84 , 250 , 8587
10.10 , 250 , 8590
10.10 , 250 , 8593
10.10 , 250 , 8596
10.10 , 250 , 8599
10.10 , 250 , 8602
10.10 , 250 , 8605
10.10 , 250 , 8608
10.10 , 250 , 8610
11.36 , 250 , 8613
11.36 , 250 , 8616
12.62 , 250 , 8620
12.62 , 250 , 8623
13.88 , 250 , 8626
13.88 , 250 , 8629
13.88 , 250 , 8632
13.88 , 250 , 8634
13.88 , 250 , 8637
15.15 , 250 , 8640
15.15 , 250 , 8643
15.15 , 250 , 8646
15.15 , 250 , 8649
16.41 , 250 , 8652
16.41 , 250 , 8655
17.67 , 0 , 8657
17.67 , 0 , 8660
17.67 , 0 , 8664
16.41 , 0 , 8667
16.41 , 0 , 8670
16.41 , 0 , 8672
15.15 , 0 , 8675
15.15 , 0 , 8678
13.88 , 0 , 8681
13.88 , 0 , 8683
13.88 , 0 , 8686
12.62 , 0 , 8689
12.62 , 0 , 8692
12.62 , 0 , 8695
11.36 , 0 , 8697
11.36 , 0 , 8700
11.36 , 0 , 8704
10.10 , 0 , 8707
10.10 , 0 , 8710
10.10 , 0 , 8712
10.10 , 0 , 8715
10.10 , 0 , 8718
10.10 , 0 , 8721
10.10 , 0 , 8723
10.10 , 0 , 8726
10.10 , 0 , 8729
10.10 , 0 , 8732
10.10 , 0 , 8735
10.10 , 0 , 8737
10.10 , 0 , 8740
10.10 , 0 , 8743
10.10 , 0 , 8747
10.10 , 0 , 8749
10.10 , 0 , 8752
10.10 , 0 , 8755
10.10 , 0 , 8758
10.10 , 0 , 8761
10.10 , 0 , 8763
10.10 , 0 , 8766
10.10 , 0 , 8769
10.10 , 0 , 8772
10.10 , 0 , 8775
10.10 , 0 , 8777
10.10 , 0 , 8780
10.10 , 0 , 8783
10.10 , 0 , 8786
8.84 , 0 , 8788
8.84 , 0 , 8792
8.84 , 0 , 8795
8.84 , 0 , 8798
7.57 , 0 , 8800
7.57 , 0 , 8803
6.31 , 0 , 8806
6.31 , 0 , 8808
5.05 , 0 , 8811
5.05 , 0 , 8814
3.79 , 0 , 8817
3.79 , 0 , 8819
2.52 , 0 , 8822
2.52 , 0 , 8825
1.26 , 0 , 8828
1.26 , 0 , 8830
0.00 , 0 , 8834
0.00 , 0 , 8837
-1.26 , 0 , 8839
-1.26 , 0 , 8842
-2.52 , 0 , 8845
-2.52 , 0 , 8848
-2.52 , 0 , 8850
-3.79 , 0 , 8853
-3.79 , 0 , 8856
-3.79 , 0 , 8859
-5.05 , 0 , 8861
-5.05 , 0 , 8864
-5.05 , 0 , 8867
-5.05 , 0 , 8869
-5.05 , 0 , 8872
-5.05 , 0 , 8876
-5.05 , 0 , 8879
-5.05 , 0 , 8881
-5.05 , 0 , 8884
-5.05 , 0 , 8887
-5.05 , 0 , 8890
-3.79 , 0 , 8892
-3.79 , 0 , 8895
-3.79 , 0 , 8898
-3.79 , 0 , 8901
-3.79 , 0 , 8903
-3.79 , 0 , 8906
-3.79 , 0 , 8909
-3.79 , 0 , 8912
-3.79 , 0 , 8914
-3.79 , 0 , 8918
-3.79 , 0 , 8921
-2.52 , 0 , 8923
-2.52 , 0 , 8926
-2.52 , 0 , 8929
-2.52 , 0 , 8932
-2.52 , 0 , 8934
-2.52 , 0 , 8937
-2.52 , 0 , 8940
-2.52 , 0 , 8943
-2.52 , 0 , 8945
-1.26 , 0 , 8948
-1.26 , 0 , 8951
-1.26 , 0 , 8954
-1.26 , 0 , 8956
-1.26 , 0 , 8960
-1.26 , 0 , 8963
-1.26 , 0 , 8966
-1.26 , 0 , 8968
-1.26 , 0 , 8971
-1.26 , 0 , 8974
-1.26 , 0 , 8976
-1.26 , 0 , 8979
-1.26 , 0 , 8982
-1.26 , 0 , 8985
-1.26 , 0 , 8987
-1.26 , 0 , 8990
-1.26 , 0 , 8993
-1.26 , 0 , 8996
-1.26 , 0 , 8998
-1.26 , 0 , 9001
-1.26 , 0 , 9005
-1.26 , 0 , 9008
-1.26 , 0 , 9010
-1.26 , 0 , 9013
-1.26 , 0 , 9016
-1.26 , 0 , 9018
-1.26 , 0 , 9021
-1.26 , 0 , 9024
-1.26 , 0 , 9027
-1.26 , 0 , 9029
-1.26 , 0 , 9032
-1.26 , 0 , 9035
-1.26 , 0 , 9038
-1.26 , 0 , 9040
-1.26 , 0 , 9043
-1.26 , 0 , 9047
-1.26 , 0 , 9050
-1.26 , 0 , 9052
-1.26 , 0 , 9055
-1.26 , 0 , 9058
-1.26 , 0 , 9061
-1.26 , 0 , 9063
-1.26 , 0 , 9066
-1.26 , 0 , 9069
-1.26 , 0 , 9071
-1.26 , 0 , 9074
-1.26 , 0 , 9077
-1.26 , 0 , 9080
-1.26 , 0 , 9082
-1.26 , 0 , 9085
-1.26 , 0 , 9089
-1.26 , 0 , 9092
-1.26 , 0 , 9094
-1.26 , 0 , 9097
-1.26 , 0 , 9100
-1.26 , 0 , 9103
-1.26 , 0 , 9105
-1.26 , 0 , 9108
-1.26 , 0 , 9111
-1.26 , 0 , 9113
-1.26 , 0 , 9116
-1.26 , 0 , 9119
-1.26 , 0 , 9122
-1.26 , 0 , 9124
-1.26 , 0 , 9127
-1.26 , 0 , 9131
-1.26 , 0 , 9134
-1.26 , 0 , 9136
-1.26 , 0 , 9139
-1.26 , 0 , 9142
-1.26 , 0 , 9145
-1.26 , 0 , 9147
-1.26 , 0 , 9150
-1.26 , 0 , 9153
-1.26 , 0 , 9156
-1.26 , 0 , 9158
-1.26 , 0 , 9161
-1.26 , 0 , 9164
-1.26 , 0 , 9166
-1.26 , 0 , 9169
-1.26 , 0 , 9172
-1.26 , 0 , 9176
-1.26 , 0 , 9178
-1.26 , 0 , 9181
-1.26 , 0 , 9184
-1.26 , 0 , 9187
-1.26 , 0 , 9189
-1.26 , 0 , 9192
-1.26 , 0 , 9195
-1.26 , 0 , 9198
-1.26 , 0 , 9200
-1.26 , 0 , 9203
-1.26 , 0 , 9206
-1.26 , 0 , 9208
-1.26 , 0 , 9211
-1.26 , 0 , 9214
-1.26 , 0 , 9218
-1.26 , 0 , 9220
-1.26 , 0 , 9223
-1.26 , 0 , 9226
-1.26 , 0 , 9229
-1.26 , 0 , 9231
-1.26 , 0 , 9234
-1.26 , 0 , 9237
-1.26 , 0 , 9240
-1.26 , 0 , 9242
-1.26 , 0 , 9245
-1.26 , 0 , 9248
-1.26 , 0 , 9251
-1.26 , 0 , 9253
-1.26 , 0 , 9256
-1.26 , 0 , 9260
-1.26 , 0 , 9262
-1.26 , 0 , 9265
-1.26 , 0 , 9268
-1.26 , 0 , 9271
-1.26 , 0 , 9273
-1.26 , 0 , 9276
-1.26 , 0 , 9279
-1.26 , 0 , 9282
-1.26 , 0 , 9284
-1.26 , 0 , 9287
-1.26 , 0 , 9290
-1.26 , 0 , 9293
-1.26 , 0 , 9295
-1.26 , 0 , 9298
-1.26 , 0 , 9302
-1.26 , 0 , 9305
-1.26 , 0 , 9307
-1.26 , 0 , 9310
-1.26 , 0 , 9313
-1.26 , 0 , 9315
-1.26 , 0 , 9318
-1.26 , 0 , 9321
-1.26 , 0 , 9324
-1.26 , 0 , 9326
-1.26 , 0 , 9329
-1.26 , 0 , 9332
-1.26 , 0 , 9335
-1.26 , 0 , 9337
-1.26 , 0 , 9340
-1.26 , 0 , 9344
-1.26 , 0 , 9347
-1.26 , 0 , 9349
-1.26 , 0 , 9352
-1.26 , 0 , 9355
-1.26 , 0 , 9357
-1.26 , 0 , 9360
-1.26 , 0 , 9363
-1.26 , 0 , 9366
-1.26 , 0 , 9368
-1.26 , 0 , 9371
-1.26 , 0 , 9374
-1.26 , 0 , 9377
-1.26 , 0 , 9379
-1.26 , 0 , 9382
-1.26 , 0 , 9385
-1.26 , 0 , 9389
-1.26 , 0 , 9391
-1.26 , 0 , 9394
-1.26 , 0 , 9397
-1.26 , 0 , 9400
-1.26 , 0 , 9402
-1.26 , 0 , 9405
-1.26 , 0 , 9408
-1.26 , 0 , 9410
-1.26 , 0 , 9413
-1.26 , 0 , 9416
-1.26 , 0 , 9419
-1.26 , 0 , 9421
-1.26 , 0 , 9424
-1.26 , 0 , 9427
-1.26 , 0 , 9431
-1.26 , 0 , 9433
-1.26 , 0 , 9436
-1.26 , 0 , 9439
-1.26 , 0 , 9442
-1.26 , 0 , 9444
-1.26 , 0 , 9447
-1.26 , 0 , 9450
-1.26 , 0 , 9452
-1.26 , 0 , 9455
-1.26 , 0 , 9458
-1.26 , 0 , 9461
-1.26 , 0 , 9463
-1.26 , 0 , 9466
-1.26 , 0 , 9469
-1.26 , 0 , 9473
-1.26 , 0 , 9475
-1.26 , 0 , 9478
-1.26 , 0 , 9481
-1.26 , 0 , 9484
-1.26 , 0 , 9486
-1.26 , 0 , 9489
-1.26 , 0 , 9492
-1.26 , 0 , 9495
-1.26 , 0 , 9497
-1.26 , 0 , 9500
-1.26 , 0 , 9503
-1.26 , 0 , 9505
-1.26 , 0 , 9508
-1.26 , 0 , 9511
-1.26 , 0 , 9515
-1.26 , 0 , 9517
-1.26 , 0 , 9520
-1.26 , 0 , 9523
-1.26 , 0 , 9526
-1.26 , 0 , 9528
-1.26 , 0 , 9531
-1.26 , 0 , 9534
-1.26 , 0 , 9537
-1.26 , 0 , 9539
-1.26 , 0 , 9542
-1.26 , 0 , 9545
-1.26 , 0 , 9548
-1.26 , 0 , 9550
-1.26 , 0 , 9553
-1.26 , 0 , 9556
-1.26 , 0 , 9559
-1.26 , 0 , 9562
-1.26 , 0 , 9565
-1.26 , 0 , 9568
-1.26 , 0 , 9570
-1.26 , 0 , 9573
-1.26 , 0 , 9576
-1.26 , 0 , 9579
-1.26 , 0 , 9581
-1.26 , 0 , 9584
-1.26 , 0 , 9587
-1.26 , 0 , 9590
-1.26 , 0 , 9592
-1.26 , 0 , 9595
-1.26 , 0 , 9598
-1.26 , 0 , 9601
-1.26 , 0 , 9604
-1.26 , 0 , 9607
-1.26 , 0 , 9610
-1.26 , 0 , 9612
-1.26 , 0 , 9615
-1.26 , 0 , 9618
-1.26 , 0 , 9621
-1.26 , 0 , 9623
-1.26 , 0 , 9626
-1.26 , 0 , 9629
-1.26 , 0 , 9632
-1.26 , 0 , 9634
-1.26 , 0 , 9637
-1.26 , 0 , 9640
-1.26 , 0 , 9644
-1.26 , 0 , 9646
-1.26 , 0 , 9649
-1.26 , 0 , 9652
-1.26 , 0 , 9654
-1.26 , 0 , 9657
-1.26 , 0 , 9660
-1.26 , 0 , 9663
-1.26 , 0 , 9665
-1.26 , 0 , 9668
-1.26 , 0 , 9671
-1.26 , 0 , 9674
-1.26 , 0 , 9676
-1.26 , 0 , 9679
-1.26 , 0 , 9682
-1.26 , 0 , 9686
-1.26 , 0 , 9688
-1.26 , 0 , 9691
-1.26 , 0 , 9694
-1.26 , 0 , 9696
-1.26 , 0 , 9699
-1.26 , 0 , 9702
-1.26 , 0 , 9705
-1.26 , 0 , 9707
-1.26 , 0 , 9710
-1.26 , 0 , 9713
-1.26 , 0 , 9716
-1.26 , 0 , 9718
-1.26 , 0 , 9721
-1.26 , 0 , 9724
-1.26 , 0 , 9728
-1.26 , 0 , 9730
-1.26 , 0 , 9733
-1.26 , 0 , 9736
-1.26 , 0 , 9738
-1.26 , 0 , 9741
-1.26 , 0 , 9744
-1.26 , 0 , 9747
-1.26 , 0 , 9749
-1.26 , 0 , 9752
-1.26 , 0 , 9755
-1.26 , 0 , 9758
-1.26 , 0 , 9760
-1.26 , 0 , 9763
-1.26 , 0 , 9766
-1.26 , 0 , 9769
-1.26 , 0 , 9772
-1.26 , 0 , 9775
-1.26 , 0 , 9778
-1.26 , 0 , 9781
-1.26 , 0 , 9783
-1.26 , 0 , 9786
-1.26 , 0 , 9789
-1.26 , 0 , 9791
-1.26 , 0 , 9794
-1.26 , 0 , 9797
-1.26 , 0 , 9800
-1.26 , 0 , 9802
-1.26 , 0 , 9805
-1.26 , 0 , 9808
-1.26 , 0 , 9811
-1.26 , 0 , 9814
-1.26 , 0 , 9817
-1.26 , 0 , 9820
-1.26 , 0 , 9823
-1.26 , 0 , 9825
-1.26 , 0 , 9828
-1.26 , 0 , 9831
-1.26 , 0 , 9833
-1.26 , 0 , 9836
-1.26 , 0 , 9839
-1.26 , 0 , 9842
-1.26 , 0 , 9844
-1.26 , 0 , 9847
-1.26 , 0 , 9850
-1.26 , 0 , 9853
-1.26 , 0 , 9856
-1.26 , 0 , 9859
-1.26 , 0 , 9862
-1.26 , 0 , 9865
-1.26 , 0 , 9867
-1.26 , 0 , 9870
-1.26 , 0 , 9873
-1.26 , 0 , 9876
-1.26 , 0 , 9878
-1.26 , 0 , 9881
-1.26 , 0 , 9884
-1.26 , 0 , 9886
-1.26 , 0 , 9889
-1.26 , 0 , 9892
-1.26 , 0 , 9895
-1.26 , 0 , 9897
-1.26 , 0 , 9901
-1.26 , 0 , 9904
-1.26 , 0 , 9907
-1.26 , 0 , 9909
-1.26 , 0 , 9912
-1.26 , 0 , 9915
-1.26 , 0 , 9918
-1.26 , 0 , 9920
-1.26 , 0 , 9923
-1.26 , 0 , 9926
-1.26 , 0 , 9929
-1.26 , 0 , 9931
-1.26 , 0 , 9934
-1.26 , 0 , 9937
-1.26 , 0 , 9939
-1.26 , 0 , 9943
-1.26 , 0 , 9946
-1.26 , 255 , 9949
-1.26 , 255 , 9952
0.00 , 255 , 9954
1.26 , 255 , 9957
2.52 , 255 , 9960
3.79 , 255 , 9963
6.31 , 255 , 9966
8.84 , 255 , 9969
10.10 , 255 , 9971
11.36 , 255 , 9974
11.36 , 255 , 9977
11.36 , 255 , 9980
11.36 , 255 , 9984
11.36 , 255 , 9987
11.36 , 255 , 9990
11.36 , 255 , 9993
11.36 , 255 , 9995
11.36 , 255 , 9998
11.36 , 255 , 10001
11.36 , 255 , 10004
11.36 , 255 , 10007
11.36 , 255 , 10010
11.36 , 255 , 10013
12.62 , 255 , 10016
12.62 , 255 , 10019
13.88 , 255 , 10022
13.88 , 255 , 10025
15.15 , 255 , 10029
15.15 , 255 , 10031
16.41 , 255 , 10034
16.41 , 0 , 10037
16.41 , 0 , 10040
16.41 , 0 , 10043
16.41 , 0 , 10046
16.41 , 0 , 10049
15.15 , 0 , 10051
15.15 , 0 , 10054
15.15 , 0 , 10057
13.88 , 0 , 10060
13.88 , 0 , 10063
13.88 , 0 , 10066
12.62 , 0 , 10068
12.62 , 0 , 10072
12.62 , 0 , 10075
12.62 , 0 , 10078
11.36 , 0 , 10081
11.36 , 0 , 10084
11.36 , 0 , 10086
11.36 , 0 , 10089
11.36 , 0 , 10092
10.10 , 0 , 10095
10.10 , 0 , 10098
10.10 , 0 , 10100
10.10 , 0 , 10103
10.10 , 0 , 10106
10.10 , 0 , 10109
10.10 , 0 , 10113
10.10 , 0 , 10116
10.10 , 0 , 10118
10.10 , 0 , 10121
10.10 , 0 , 10124
10.10 , 0 , 10127
10.10 , 0 , 10130
10.10 , 0 , 10133
10.10 , 0 , 10135
10.10 , 0 , 10138
10.10 , 0 , 10141
10.10 , 0 , 10144
10.10 , 0 , 10147
10.10 , 0 , 10150
10.10 , 0 , 10152
10.10 , 0 , 10156
10.10 , 0 , 10159
10.10 , 0 , 10162
10.10 , 0 , 10165
10.10 , 0 , 10167
8.84 , 0 , 10170
8.84 , 0 , 10173
7.57 , 0 , 10176
7.57 , 0 , 10179
6.31 , 0 , 10181
6.31 , 0 , 10184
5.05 , 0 , 10187
5.05 , 0 , 10190
3.79 , 0 , 10192
3.79 , 0 , 10195
2.52 , 0 , 10199
2.52 , 0 , 10202
1.26 , 0 , 10205
1.26 , 0 , 10207
1.26 , 0 , 10210
0.00 , 0 , 10213
0.00 , 0 , 10216
-1.26 , 0 , 10218
-1.26 , 0 , 10221
-1.26 , 0 , 10224
-2.52 , 0 , 10227
-2.52 , 0 , 10229
-2.52 , 0 , 10232
-3.79 , 0 , 10235
-3.79 , 0 , 10238
-3.79 , 0 , 10242
-3.79 , 0 , 10244
-3.79 , 0 , 10247
-3.79 , 0 , 10250
-3.79 , 0 , 10253
-2.52 , 0 , 10256
-2.52 , 0 , 10258
-2.52 , 0 , 10261
-2.52 , 0 , 10264
-2.52 , 0 , 10267
-2.52 , 0 , 10269
-2.52 , 0 , 10272
-2.52 , 0 , 10275
-2.52 , 0 , 10278
-2.52 , 0 , 10281
-2.52 , 0 , 10284
-2.52 , 0 , 10287
-1.26 , 0 , 10290
-1.26 , 0 , 10293
-1.26 , 0 , 10295
-1.26 , 0 , 10298
-1.26 , 0 , 10301
-1.26 , 0 , 10304
-1.26 , 0 , 10307
-1.26 , 0 , 10309
-1.26 , 0 , 10312
-1.26 , 0 , 10315
-1.26 , 0 , 10318
0.00 , 0 , 10320
0.00 , 0 , 10323
0.00 , 0 , 10327
0.00 , 0 , 10330
0.00 , 0 , 10332
0.00 , 0 , 10335
0.00 , 0 , 10338
0.00 , 0 , 10340
0.00 , 0 , 10343
0.00 , 0 , 10346
0.00 , 0 , 10349
0.00 , 0 , 10351
0.00 , 0 , 10354
0.00 , 0 , 10357
0.00 , 0 , 10360
0.00 , 0 , 10362
0.00 , 0 , 10365
0.00 , 0 , 10369
0.00 , 0 , 10372
0.00 , 0 , 10374
0.00 , 0 , 10377
0.00 , 0 , 10380
0.00 , 0 , 10382
0.00 , 0 , 10385
0.00 , 0 , 10388
0.00 , 0 , 10391
0.00 , 0 , 10393
0.00 , 0 , 10396
0.00 , 0 , 10399
0.00 , 0 , 10402
0.00 , 0 , 10404
0.00 , 0 , 10407
0.00 , 0 , 10411
0.00 , 0 , 10413
0.00 , 0 , 10416
0.00 , 0 , 10419
0.00 , 0 , 10422
0.00 , 0 , 10424
0.00 , 0 , 10427
0.00 , 0 , 10430
0.00 , 0 , 10433
0.00 , 0 , 10435
0.00 , 0 , 10438
0.00 , 0 , 10441
0.00 , 0 , 10443
0.00 , 0 , 10446
0.00 , 0 , 10449
0.00 , 0 , 10452
0.00 , 0 , 10455
0.00 , 0 , 10458
0.00 , 0 , 10461
0.00 , 0 , 10464
0.00 , 0 , 10466
0.00 , 0 , 10469
0.00 , 0 , 10472
0.00 , 0 , 10474
0.00 , 0 , 10477
0.00 , 0 , 10480
0.00 , 0 , 10483
0.00 , 0 , 10485
0.00 , 0 , 10488
0.00 , 0 , 10491
0.00 , 0 , 10494
0.00 , 0 , 10497
0.00 , 0 , 10500
0.00 , 0 , 10503
0.00 , 0 , 10505
0.00 , 0 , 10508
0.00 , 0 , 10511
0.00 , 0 , 10514
0.00 , 0 , 10516
0.00 , 0 , 10519
0.00 , 0 , 10522
0.00 , 0 , 10525
0.00 , 0 , 10527
0.00 , 0 , 10530
0.00 , 0 , 10533
0.00 , 0 , 10535
0.00 , 0 , 10539
0.00 , 0 , 10542
0.00 , 0 , 10545
0.00 , 0 , 10547
0.00 , 0 , 10550
0.00 , 0 , 10553
0.00 , 0 , 10556
0.00 , 0 , 10558
0.00 , 0 , 10561
0.00 , 0 , 10564
0.00 , 0 , 10567
0.00 , 0 , 10569
0.00 , 0 , 10572
0.00 , 0 , 10575
0.00 , 0 , 10577
0.00 , 0 , 10580
0.00 , 0 , 10584
0.00 , 0 , 10587
0.00 , 0 , 10589
0.00 , 0 , 10592
0.00 , 0 , 10595
0.00 , 0 , 10598
0.00 , 0 , 10600
0.00 , 0 , 10603
0.00 , 0 , 10606
0.00 , 0 , 10608
0.00 , 0 , 10611
0.00 , 0 , 10614
0.00 , 0 , 10617
0.00 , 0 , 10619
0.00 , 0 , 10622
0.00 , 0 , 10626
0.00 , 0 , 10629
0.00 , 0 , 10631
0.00 , 0 , 10634
0.00 , 0 , 10637
0.00 , 0 , 10639
0.00 , 0 , 10642
0.00 , 0 , 10645
0.00 , 0 , 10648
0.00 , 0 , 10650
0.00 , 0 , 10653
0.00 , 0 , 10656
0.00 , 0 , 10659
0.00 , 0 , 10661
0.00 , 0 , 10664
0.00 , 0 , 10668
0.00 , 0 , 10670
0.00 , 0 , 10673
0.00 , 0 , 10676
0.00 , 0 , 10679
0.00 , 0 , 10681
0.00 , 0 , 10684
0.00 , 0 , 10687
0.00 , 0 , 10690
0.00 , 0 , 10692
0.00 , 0 , 10695
0.00 , 0 , 10698
0.00 , 0 , 10700
0.00 , 0 , 10703
0.00 , 0 , 10706
0.00 , 0 , 10710
0.00 , 0 , 10712
0.00 , 0 , 10715
0.00 , 0 , 10718
0.00 , 0 , 10721
0.00 , 0 , 10723
0.00 , 0 , 10726
0.00 , 0 , 10729
0.00 , 0 , 10731
0.00 , 0 , 10734
0.00 , 0 , 10737
0.00 , 0 , 10740
0.00 , 0 , 10742
0.00 , 0 , 10745
0.00 , 0 , 10748
0.00 , 0 , 10752
0.00 , 0 , 10754
0.00 , 0 , 10757
0.00 , 0 , 10760
0.00 , 0 , 10763
0.00 , 0 , 10765
0.00 , 0 , 10768
0.00 , 0 , 10771
0.00 , 0 , 10773
0.00 , 0 , 10776
0.00 , 0 , 10779
0.00 , 0 , 10782
0.00 , 0 , 10784
0.00 , 0 , 10787
0.00 , 0 , 10790
0.00 , 0 , 10793
0.00 , 0 , 10796
0.00 , 0 , 10799
0.00 , 0 , 10802
0.00 , 0 , 10804
0.00 , 0 , 10807
0.00 , 0 , 10810
0.00 , 0 , 10813
0.00 , 0 , 10815
0.00 , 0 , 10818
0.00 , 0 , 10821
0.00 , 0 , 10824
0.00 , 0 , 10826
0.00 , 0 , 10829
0.00 , 0 , 10832
0.00 , 0 , 10834
0.00 , 0 , 10838
0.00 , 0 , 10841
0.00 , 0 , 10844
0.00 , 0 , 10846
0.00 , 0 , 10849
0.00 , 0 , 10852
0.00 , 0 , 10855
0.00 , 0 , 10857
0.00 , 0 , 10860
0.00 , 0 , 10863
0.00 , 0 , 10865
0.00 , 0 , 10868
0.00 , 0 , 10871
0.00 , 0 , 10874
0.00 , 0 , 10876
0.00 , 0 , 10880
0.00 , 0 , 10883
0.00 , 0 , 10886
0.00 , 0 , 10888
0.00 , 0 , 10891
0.00 , 0 , 10894
0.00 , 0 , 10896
0.00 , 0 , 10899
0.00 , 0 , 10902
0.00 , 0 , 10905
0.00 , 0 , 10907
0.00 , 0 , 10910
0.00 , 0 , 10913
0.00 , 0 , 10916
0.00 , 0 , 10918
0.00 , 0 , 10921
0.00 , 0 , 10925
0.00 , 0 , 10928
0.00 , 0 , 10930
0.00 , 0 , 10933
0.00 , 0 , 10936
0.00 , 0 , 10938
0.00 , 0 , 10941
0.00 , 0 , 10944
0.00 , 0 , 10947
0.00 , 0 , 10949
0.00 , 0 , 10952
0.00 , 0 , 10955
0.00 , 0 , 10958
0.00 , 0 , 10960
0.00 , 0 , 10963
0.00 , 0 , 10967
0.00 , 0 , 10969
0.00 , 0 , 10972
0.00 , 0 , 10975
0.00 , 0 , 10978
0.00 , 0 , 10980
0.00 , 0 , 10983
0.00 , 0 , 10986
0.00 , 0 , 10989
0.00 , 0 , 10991
0.00 , 0 , 10994
0.00 , 0 , 10997
0.00 , 0 , 10999
0.00 , 0 , 11002
0.00 , 0 , 11005
0.00 , 0 , 11009
0.00 , 0 , 11011
0.00 , 0 , 11014
0.00 , 0 , 11017
0.00 , 0 , 11020
0.00 , 0 , 11022
0.00 , 0 , 11025
0.00 , 0 , 11028
0.00 , 0 , 11030
0.00 , 0 , 11033
0.00 , 0 , 11036
0.00 , 0 , 11039
0.00 , 0 , 11041
0.00 , 0 , 11044
0.00 , 0 , 11047
0.00 , 0 , 11051
0.00 , 0 , 11053
0.00 , 0 , 11056
0.00 , 0 , 11059
0.00 , 0 , 11061
0.00 , 0 , 11064
0.00 , 0 , 11067
0.00 , 0 , 11070
0.00 , 0 , 11072
0.00 , 0 , 11075
0.00 , 0 , 11078
0.00 , 0 , 11081
0.00 , 0 , 11083
0.00 , 0 , 11086
0.00 , 0 , 11089
0.00 , 0 , 11092
0.00 , 0 , 11095
0.00 , 0 , 11098
0.00 , 0 , 11101
0.00 , 0 , 11103
0.00 , 0 , 11106
0.00 , 0 , 11109
0.00 , 0 , 11112
0.00 , 0 , 11114
0.00 , 0 , 11117
0.00 , 0 , 11120
0.00 , 0 , 11123
0.00 , 0 , 11125
0.00 , 0 , 11128
0.00 , 0 , 11131
0.00 , 0 , 11133
0.00 , 0 , 11137
0.00 , 0 , 11140
0.00 , 0 , 11143
0.00 , 0 , 11145
0.00 , 0 , 11148
0.00 , 0 , 11151
0.00 , 0 , 11154
0.00 , 0 , 11156
0.00 , 0 , 11159
0.00 , 0 , 11162
0.00 , 0 , 11164
0.00 , 0 , 11167
0.00 , 0 , 11170
0.00 , 0 , 11173
0.00 , 0 , 11175
0.00 , 0 , 11179
0.00 , 0 , 11182
0.00 , 0 , 11185
0.00 , 0 , 11187
0.00 , 0 , 11190
0.00 , 0 , 11193
0.00 , 0 , 11195
0.00 , 0 , 11198
0.00 , 0 , 11201
0.00 , 0 , 11204
0.00 , 0 , 11206
0.00 , 0 , 11209
0.00 , 0 , 11212
0.00 , 0 , 11215
0.00 , 0 , 11217
0.00 , 0 , 11220
0.00 , 0 , 11224
0.00 , 0 , 11227
0.00 , 0 , 11229
0.00 , 0 , 11232
0.00 , 0 , 11235
0.00 , 0 , 11237
0.00 , 0 , 11240
0.00 , 0 , 11243
0.00 , 0 , 11246
0.00 , 0 , 11248
0.00 , 0 , 11251
0.00 , 0 , 11254
0.00 , 0 , 11257
0.00 , 0 , 11259
0.00 , 0 , 11262
0.00 , 0 , 11266
0.00 , 0 , 11268
0.00 , 0 , 11271
0.00 , 0 , 11274
0.00 , 0 , 11277
0.00 , 0 , 11279
0.00 , 0 , 11282
0.00 , 0 , 11285
0.00 , 0 , 11288
0.00 , 0 , 11290
0.00 , 0 , 11293
0.00 , 0 , 11296
0.00 , 0 , 11298
0.00 , 0 , 11301
0.00 , 0 , 11304
0.00 , 0 , 11308
0.00 , 0 , 11310
0.00 , 0 , 11313
0.00 , 0 , 11316
0.00 , 0 , 11319
0.00 , 0 , 11321
0.00 , 0 , 11324
0.00 , 0 , 11327
0.00 , 0 , 11329
0.00 , 0 , 11332
0.00 , 0 , 11335
0.00 , 0 , 11338
0.00 , 0 , 11340
0.00 , 0 , 11343
0.00 , 0 , 11346
0.00 , 0 , 11350
0.00 , 0 , 11352
0.00 , 0 , 11355
0.00 , 0 , 11356
0.00 , 0 , 11357
0.00 , 0 , 11357
0.00 , 0 , 11358
0.00 , 0 , 11359
0.00 , 0 , 11360
0.00 , 0 , 11361
0.00 , 0 , 11362
0.00 , 0 , 11364
0.00 , 0 , 11365
0.00 , 0 , 11367
0.00 , 0 , 11368
0.00 , 0 , 11370
0.00 , 0 , 11371
0.00 , 0 , 11373
0.00 , 0 , 11374
0.00 , 0 , 11376
0.00 , 0 , 11377
0.00 , 0 , 11379
0.00 , 0 , 11380
0.00 , 0 , 11382
0.00 , 0 , 11383
0.00 , 0 , 11385
0.00 , 0 , 11386
0.00 , 0 , 11388
0.00 , 0 , 11389
0.00 , 0 , 11392
0.00 , 0 , 11393
0.00 , 0 , 11395
0.00 , 0 , 11396
0.00 , 0 , 11398
0.00 , 0 , 11399
0.00 , 0 , 11401
0.00 , 0 , 11402
0.00 , 0 , 11404
0.00 , 0 , 11405
0.00 , 0 , 11407
0.00 , 0 , 11408
0.00 , 0 , 11410
0.00 , 0 , 11411
0.00 , 0 , 11413
0.00 , 0 , 11414
0.00 , 0 , 11416
0.00 , 0 , 11417
0.00 , 0 , 11419
0.00 , 0 , 11420
0.00 , 0 , 11422
0.00 , 0 , 11423
0.00 , 0 , 11424
0.00 , 0 , 11426
0.00 , 0 , 11427
0.00 , 0 , 11429
0.00 , 0 , 11430
0.00 , 0 , 11432
0.00 , 0 , 11433
0.00 , 0 , 11436
0.00 , 0 , 11437
0.00 , 0 , 11439
0.00 , 0 , 11440
0.00 , 0 , 11442
0.00 , 0 , 11443
0.00 , 0 , 11445
0.00 , 0 , 11446
0.00 , 0 , 11448
0.00 , 0 , 11449
0.00 , 0 , 11451
0.00 , 0 , 11452
0.00 , 0 , 11454
0.00 , 0 , 11455
0.00 , 0 , 11457
0.00 , 0 , 11458
0.00 , 0 , 11460
0.00 , 0 , 11461
0.00 , 0 , 11463
0.00 , 0 , 11464
0.00 , 0 , 11466
0.00 , 0 , 11467
0.00 , 0 , 11469
0.00 , 0 , 11470
0.00 , 0 , 11472
0.00 , 0 , 11473
0.00 , 0 , 11475
0.00 , 0 , 11476
0.00 , 0 , 11479
0.00 , 0 , 11480
0.00 , 0 , 11482
0.00 , 0 , 11483
0.00 , 0 , 11485
0.00 , 0 , 11486
0.00 , 0 , 11488
0.00 , 0 , 11489
0.00 , 0 , 11491
0.00 , 0 , 11492
0.00 , 0 , 11494
0.00 , 0 , 11495
0.00 , 0 , 11497
0.00 , 0 , 11498
0.00 , 0 , 11500
0.00 , 0 , 11501
0.00 , 0 , 11503
0.00 , 0 , 11504
0.00 , 0 , 11506
0.00 , 0 , 11507
0.00 , 0 , 11509
0.00 , 0 , 11510
0.00 , 0 , 11512
0.00 , 0 , 11513
0.00 , 0 , 11515
0.00 , 0 , 11516
0.00 , 0 , 11518
0.00 , 0 , 11520
0.00 , 0 , 11522
0.00 , 0 , 11523
0.00 , 0 , 11525
0.00 , 0 , 11526
0.00 , 0 , 11528
0.00 , 0 , 11529
0.00 , 0 , 11531
0.00 , 0 , 11532
0.00 , 0 , 11534
0.00 , 0 , 11535
0.00 , 0 , 11537
0.00 , 0 , 11538
0.00 , 0 , 11540
0.00 , 0 , 11541
0.00 , 0 , 11543
0.00 , 0 , 11544
0.00 , 0 , 11546
0.00 , 0 , 11547
0.00 , 0 , 11549
0.00 , 0 , 11550
0.00 , 0 , 11552
0.00 , 0 , 11553
0.00 , 0 , 11554
0.00 , 0 , 11556
0.00 , 0 , 11557
0.00 , 0 , 11559
0.00 , 0 , 11560
0.00 , 0 , 11563
0.00 , 0 , 11564
0.00 , 0 , 11566
0.00 , 0 , 11567
0.00 , 0 , 11569
0.00 , 0 , 11570
0.00 , 0 , 11572
0.00 , 0 , 11573
0.00 , 0 , 11575
0.00 , 0 , 11576
0.00 , 0 , 11578
0.00 , 0 , 11579
0.00 , 0 , 11581
0.00 , 0 , 11582
0.00 , 0 , 11584
0.00 , 0 , 11585
0.00 , 0 , 11587
0.00 , 0 , 11588
0.00 , 0 , 11590
0.00 , 0 , 11591
0.00 , 0 , 11593
0.00 , 0 , 11594
0.00 , 0 , 11596
0.00 , 0 , 11597
0.00 , 0 , 11599
0.00 , 0 , 11600
0.00 , 0 , 11602
0.00 , 0 , 11603
0.00 , 0 , 11606
0.00 , 0 , 11607
0.00 , 0 , 11609
0.00 , 0 , 11610
0.00 , 0 , 11612
0.00 , 0 , 11613
0.00 , 0 , 11615
0.00 , 0 , 11616
0.00 , 0 , 11618
0.00 , 0 , 11619
0.00 , 0 , 11621
0.00 , 0 , 11622
0.00 , 0 , 11624
0.00 , 0 , 11625
0.00 , 0 , 11627
0.00 , 0 , 11628
0.00 , 0 , 11630
0.00 , 0 , 11631
0.00 , 0 , 11633
0.00 , 0 , 11634
0.00 , 0 , 11636
0.00 , 0 , 11637
0.00 , 0 , 11639
0.00 , 0 , 11640
0.00 , 0 , 11642
0.00 , 0 , 11643
0.00 , 0 , 11645
0.00 , 0 , 11646
0.00 , 0 , 11649
0.00 , 0 , 11650
0.00 , 0 , 11652
0.00 , 0 , 11653
0.00 , 0 , 11655
0.00 , 0 , 11656
0.00 , 0 , 11658
0.00 , 0 , 11659
0.00 , 0 , 11661
0.00 , 0 , 11662
0.00 , 0 , 11664
0.00 , 0 , 11665
0.00 , 0 , 11667
0.00 , 0 , 11668
0.00 , 0 , 11670
0.00 , 0 , 11671
0.00 , 0 , 11673
0.00 , 0 , 11674
0.00 , 0 , 11676
0.00 , 0 , 11677
0.00 , 0 , 11679
0.00 , 0 , 11680
0.00 , 0 , 11682
0.00 , 0 , 11683
0.00 , 0 , 11684
0.00 , 0 , 11686
0.00 , 0 , 11687
0.00 , 0 , 11689
0.00 , 0 , 11691
0.00 , 0 , 11693
0.00 , 0 , 11694
0.00 , 0 , 11696
0.00 , 0 , 11697
0.00 , 0 , 11699
0.00 , 0 , 11700
0.00 , 0 , 11702
0.00 , 0 , 11703
0.00 , 0 , 11705
0.00 , 0 , 11706
0.00 , 0 , 11708
0.00 , 0 , 11709
0.00 , 0 , 11711
0.00 , 0 , 11712
0.00 , 0 , 11714
0.00 , 0 , 11715
0.00 , 0 , 11717
0.00 , 0 , 11718
0.00 , 0 , 11720
0.00 , 0 , 11721
0.00 , 0 , 11723
0.00 , 0 , 11724
0.00 , 0 , 11726
0.00 , 0 , 11727
0.00 , 0 , 11729
0.00 , 0 , 11730
0.00 , 0 , 11732
0.00 , 0 , 11734
0.00 , 0 , 11736
0.00 , 0 , 11737
0.00 , 0 , 11739
0.00 , 0 , 11740
0.00 , 0 , 11742
0.00 , 0 , 11743
0.00 , 0 , 11745
0.00 , 0 , 11746
0.00 , 0 , 11748
0.00 , 0 , 11749
0.00 , 0 , 11751
0.00 , 0 , 11752
0.00 , 0 , 11754
0.00 , 0 , 11755
0.00 , 0 , 11757
0.00 , 0 , 11758
0.00 , 0 , 11760
0.00 , 0 , 11761
0.00 , 0 , 11763
0.00 , 0 , 11764
0.00 , 0 , 11766
0.00 , 0 , 11767
0.00 , 0 , 11769
0.00 , 0 , 11770
0.00 , 0 , 11772
0.00 , 0 , 11773
0.00 , 0 , 11776
0.00 , 0 , 11777
0.00 , 0 , 11779
0.00 , 0 , 11780
0.00 , 0 , 11782
0.00 , 0 , 11783
0.00 , 0 , 11785
0.00 , 0 , 11786
0.00 , 0 , 11788
0.00 , 0 , 11789
0.00 , 0 , 11791
0.00 , 0 , 11792
0.00 , 0 , 11794
0.00 , 0 , 11795
0.00 , 0 , 11797
0.00 , 0 , 11798
0.00 , 0 , 11800
0.00 , 0 , 11801
0.00 , 0 , 11803
0.00 , 0 , 11804
0.00 , 0 , 11806
0.00 , 0 , 11807
0.00 , 0 , 11809
0.00 , 0 , 11810
0.00 , 0 , 11812
0.00 , 0 , 11813
0.00 , 0 , 11814
0.00 , 0 , 11816
0.00 , 0 , 11817
0.00 , 0 , 11820
0.00 , 0 , 11821
0.00 , 0 , 11823
0.00 , 0 , 11824
0.00 , 0 , 11826
0.00 , 0 , 11827
0.00 , 0 , 11829
0.00 , 0 , 11830
0.00 , 0 , 11832
0.00 , 0 , 11833
0.00 , 0 , 11835
0.00 , 0 , 11836
0.00 , 0 , 11838
0.00 , 0 , 11839
0.00 , 0 , 11841
0.00 , 0 , 11842
0.00 , 0 , 11844
0.00 , 0 , 11845
0.00 , 0 , 11847
0.00 , 0 , 11848
0.00 , 0 , 11850
0.00 , 0 , 11851
0.00 , 0 , 11853
0.00 , 0 , 11854
0.00 , 0 , 11856
0.00 , 0 , 11857
0.00 , 0 , 11859
0.00 , 0 , 11860
0.00 , 0 , 11863
0.00 , 0 , 11864
0.00 , 0 , 11866
0.00 , 0 , 11867
0.00 , 0 , 11869
0.00 , 0 , 11870
0.00 , 0 , 11872
0.00 , 0 , 11873
0.00 , 0 , 11875
0.00 , 0 , 11876
0.00 , 0 , 11878
0.00 , 0 , 11879
0.00 , 0 , 11881
0.00 , 0 , 11882
0.00 , 0 , 11884
0.00 , 0 , 11885
0.00 , 0 , 11887
0.00 , 0 , 11888
0.00 , 0 , 11890
0.00 , 0 , 11891
0.00 , 0 , 11893
0.00 , 0 , 11894
0.00 , 0 , 11896
0.00 , 0 , 11897
0.00 , 0 , 11899
0.00 , 0 , 11900
0.00 , 0 , 11902
0.00 , 0 , 11904
0.00 , 0 , 11906
0.00 , 0 , 11907
0.00 , 0 , 11909
0.00 , 0 , 11910
0.00 , 0 , 11912
0.00 , 0 , 11913
0.00 , 0 , 11915
0.00 , 0 , 11916
0.00 , 0 , 11918
0.00 , 0 , 11919
0.00 , 0 , 11921
0.00 , 0 , 11922
0.00 , 0 , 11924
0.00 , 0 , 11925
0.00 , 0 , 11927
0.00 , 0 , 11928
0.00 , 0 , 11930
0.00 , 0 , 11931
0.00 , 0 , 11933
0.00 , 0 , 11934
0.00 , 0 , 11936
0.00 , 0 , 11937
0.00 , 0 , 11939
0.00 , 0 , 11940
0.00 , 0 , 11942
0.00 , 0 , 11943
0.00 , 0 , 11945
0.00 , 0 , 11947
0.00 , 0 , 11948
0.00 , 0 , 11950
0.00 , 0 , 11951
0.00 , 0 , 11953
0.00 , 0 , 11954
0.00 , 0 , 11956
0.00 , 0 , 11957
0.00 , 0 , 11959
0.00 , 0 , 11960
0.00 , 0 , 11962
0.00 , 0 , 11963
0.00 , 0 , 11965
0.00 , 0 , 11966
0.00 , 0 , 11968
0.00 , 0 , 11969
0.00 , 0 , 11971
0.00 , 0 , 11972
0.00 , 0 , 11974
0.00 , 0 , 11975
0.00 , 0 , 11977
0.00 , 0 , 11978
0.00 , 0 , 11980
0.00 , 0 , 11981
0.00 , 0 , 11983
0.00 , 0 , 11984
0.00 , 0 , 11986
0.00 , 0 , 11987
0.00 , 0 , 11990
0.00 , 0 , 11991
0.00 , 0 , 11993
0.00 , 0 , 11994
0.00 , 0 , 11996
0.00 , 0 , 11997
0.00 , 0 , 11999
0.00 , 0 , 12000
0.00 , 0 , 12002
0.00 , 0 , 12003
0.00 , 0 , 12005
0.00 , 0 , 12006
0.00 , 0 , 12008
0.00 , 0 , 12009
0.00 , 0 , 12011
0.00 , 0 , 12012
0.00 , 0 , 12014
0.00 , 0 , 12015
0.00 , 0 , 12017
0.00 , 0 , 12018
0.00 , 0 , 12020
0.00 , 0 , 12021
0.00 , 0 , 12023
0.00 , 0 , 12024
0.00 , 0 , 12026
0.00 , 0 , 12027
0.00 , 0 , 12029
0.00 , 0 , 12030
0.00 , 0 , 12033
0.00 , 0 , 12034
0.00 , 0 , 12036
0.00 , 0 , 12037
0.00 , 0 , 12039
0.00 , 0 , 12040
0.00 , 0 , 12042
0.00 , 0 , 12043
0.00 , 0 , 12045
0.00 , 0 , 12046
0.00 , 0 , 12048
0.00 , 0 , 12049
0.00 , 0 , 12051
0.00 , 0 , 12052
0.00 , 0 , 12054
0.00 , 0 , 12055
0.00 , 0 , 12057
0.00 , 0 , 12058
0.00 , 0 , 12060
0.00 , 0 , 12061
0.00 , 0 , 12063
0.00 , 0 , 12064
0.00 , 0 , 12066
0.00 , 0 , 12067
0.00 , 0 , 12069
0.00 , 0 , 12070
0.00 , 0 , 12072
0.00 , 0 , 12073
0.00 , 0 , 12076
0.00 , 0 , 12077
0.00 , 0 , 12078
0.00 , 0 , 12080