0.00 , 0 , 3002
0.00 , 0 , 3006
0.00 , 0 , 3011
0.00 , 0 , 3016
0.00 , 0 , 3021
0.00 , 0 , 3025
0.00 , 0 , 3031
0.00 , 0 , 3036
0.00 , 0 , 3040
0.00 , 0 , 3045
0.00 , 0 , 3050
0.00 , 0 , 3055
0.00 , 0 , 3059
0.00 , 0 , 3064
0.00 , 0 , 3069
0.00 , 0 , 3074
0.00 , 0 , 3079
0.00 , 0 , 3084
0.00 , 0 , 3088
0.00 , 0 , 3093
0.00 , 0 , 3098
0.00 , 0 , 3103
0.00 , 0 , 3107
0.00 , 0 , 3112
0.00 , 0 , 3118
0.00 , 0 , 3122
0.00 , 0 , 3127
0.00 , 0 , 3132
0.00 , 0 , 3137
0.00 , 0 , 3141
0.00 , 0 , 3146
0.00 , 0 , 3151
0.00 , 0 , 3155
0.00 , 0 , 3161
0.00 , 0 , 3166
0.00 , 0 , 3171
0.00 , 0 , 3175
0.00 , 0 , 3180
0.00 , 0 , 3185
0.00 , 0 , 3189
0.00 , 0 , 3194
0.00 , 0 , 3200
0.00 , 0 , 3204
0.00 , 0 , 3209
0.00 , 0 , 3214
0.00 , 0 , 3219
0.00 , 0 , 3223
0.00 , 0 , 3228
0.00 , 0 , 3233
0.00 , 0 , 3237
0.00 , 0 , 3243
0.00 , 0 , 3248
0.00 , 0 , 3253
0.00 , 0 , 3257
0.00 , 0 , 3262
0.00 , 0 , 3267
0.00 , 0 , 3271
0.00 , 0 , 3276
0.00 , 0 , 3281
0.00 , 0 , 3286
0.00 , 0 , 3291
0.00 , 0 , 3296
0.00 , 0 , 3301
0.00 , 0 , 3305
0.00 , 0 , 3310
0.00 , 0 , 3315
0.00 , 0 , 3319
0.00 , 0 , 3324
0.00 , 0 , 3330
0.00 , 0 , 3335
0.00 , 0 , 3339
0.00 , 0 , 3344
0.00 , 0 , 3349
0.00 , 0 , 3353
0.00 , 0 , 3358
0.00 , 0 , 3363
0.00 , 0 , 3367
0.00 , 0 , 3373
0.00 , 0 , 3378
0.00 , 0 , 3383
0.00 , 0 , 3387
0.00 , 0 , 3392
0.00 , 0 , 3397
0.00 , 0 , 3401
0.00 , 0 , 3406
0.00 , 0 , 3411
0.00 , 0 , 3417
0.00 , 0 , 3421
0.00 , 0 , 3426
0.00 , 0 , 3431
0.00 , 0 , 3435
0.00 , 0 , 3440
0.00 , 0 , 3445
0.00 , 0 , 3450
0.00 , 0 , 3454
0.00 , 0 , 3460
0.00 , 0 , 3465
0.00 , 0 , 3469
0.00 , 0 , 3474
0.00 , 0 , 3479
0.00 , 0 , 3483
0.00 , 0 , 3488
0.00 , 0 , 3493
0.00 , 0 , 3499
0.00 , 0 , 3503
0.00 , 0 , 3508
0.00 , 0 , 3513
0.00 , 0 , 3517
0.00 , 0 , 3522
0.00 , 0 , 3527
0.00 , 0 , 3532
0.00 , 0 , 3536
0.00 , 0 , 3542
0.00 , 0 , 3547
0.00 , 0 , 3551
0.00 , 0 , 3556
0.00 , 0 , 3561
0.00 , 0 , 3565
0.00 , 0 , 3570
0.00 , 0 , 3575
0.00 , 0 , 3580
0.00 , 0 , 3585
0.00 , 0 , 3590
0.00 , 0 , 3595
0.00 , 0 , 3599
0.00 , 0 , 3604
0.00 , 0 , 3609
0.00 , 0 , 3614
0.00 , 0 , 3618
0.00 , 0 , 3623
0.00 , 0 , 3629
0.00 , 0 , 3633
0.00 , 0 , 3638
0.00 , 0 , 3643
0.00 , 0 , 3648
0.00 , 0 , 3652
0.00 , 0 , 3657
0.00 , 0 , 3662
0.00 , 0 , 3666
0.00 , 0 , 3672
0.00 , 0 , 3677
0.00 , 0 , 3681
0.00 , 0 , 3686
0.00 , 0 , 3691
0.00 , 0 , 3696
0.00 , 0 , 3700
0.00 , 0 , 3705
0.00 , 0 , 3710
0.00 , 0 , 3715
0.00 , 0 , 3720
0.00 , 0 , 3725
0.00 , 0 , 3730
0.00 , 0 , 3734
0.00 , 0 , 3739
0.00 , 0 , 3744
0.00 , 0 , 3748
0.00 , 0 , 3753
0.00 , 0 , 3759
0.00 , 0 , 3763
0.00 , 0 , 3768
0.00 , 0 , 3773
0.00 , 0 , 3778
0.00 , 0 , 3782
0.00 , 0 , 3787
0.00 , 0 , 3792
0.00 , 0 , 3796
0.00 , 0 , 3802
0.00 , 0 , 3807
0.00 , 0 , 3812
0.00 , 0 , 3816
0.00 , 0 , 3821
0.00 , 0 , 3826
0.00 , 0 , 3830
0.00 , 0 , 3835
0.00 , 0 , 3841
0.00 , 0 , 3846
0.00 , 0 , 3850
0.00 , 0 , 3855
0.00 , 0 , 3860
0.00 , 0 , 3864
0.00 , 0 , 3869
0.00 , 0 , 3874
0.00 , 0 , 3878
0.00 , 0 , 3884
0.00 , 0 , 3889
0.00 , 0 , 3894
0.00 , 0 , 3898
0.00 , 0 , 3903
0.00 , 0 , 3908
0.00 , 0 , 3912
0.00 , 0 , 3917
0.00 , 0 , 3922
0.00 , 0 , 3928
0.00 , 0 , 3932
0.00 , 0 , 3937
0.00 , 0 , 3942
0.00 , 0 , 3946
0.00 , 0 , 3951
0.00 , 0 , 3956
0.00 , 0 , 3960
0.00 , 0 , 3965
0.00 , 0 , 3971
0.00 , 0 , 3976
0.00 , 0 , 3980
0.00 , 0 , 3985
0.00 , 0 , 3990
0.00 , 0 , 3994
0.00 , 0 , 3999
0.00 , 0 , 4004
0.00 , 0 , 4009
0.00 , 0 , 4014
0.00 , 0 , 4019
0.00 , 0 , 4024
0.00 , 0 , 4028
0.00 , 0 , 4033
0.00 , 0 , 4038
0.00 , 0 , 4043
0.00 , 0 , 4047
0.00 , 0 , 4052
0.00 , 0 , 4058
0.00 , 0 , 4062
0.00 , 0 , 4067
0.00 , 0 , 4072
0.00 , 0 , 4076
0.00 , 0 , 4081
0.00 , 0 , 4086
0.00 , 0 , 4091
0.00 , 0 , 4096
0.00 , 0 , 4101
0.00 , 0 , 4106
0.00 , 0 , 4110
0.00 , 0 , 4115
0.00 , 0 , 4120
0.00 , 0 , 4125
0.00 , 0 , 4129
0.00 , 0 , 4134
0.00 , 0 , 4140
0.00 , 0 , 4144
0.00 , 0 , 4149
0.00 , 0 , 4154
0.00 , 0 , 4158
0.00 , 0 , 4163
0.00 , 0 , 4168
0.00 , 0 , 4173
0.00 , 0 , 4177
0.00 , 0 , 4183
0.00 , 0 , 4188
0.00 , 0 , 4192
0.00 , 0 , 4197
0.00 , 0 , 4202
0.00 , 0 , 4207
0.00 , 0 , 4211
0.00 , 0 , 4216
0.00 , 0 , 4221
0.00 , 0 , 4226
0.00 , 0 , 4231
0.00 , 0 , 4236
0.00 , 0 , 4241
0.00 , 0 , 4245
0.00 , 0 , 4250
0.00 , 0 , 4255
0.00 , 0 , 4259
0.00 , 0 , 4264
0.00 , 0 , 4270
0.00 , 0 , 4274
0.00 , 0 , 4279
0.00 , 0 , 4284
0.00 , 0 , 4289
0.00 , 0 , 4293
0.00 , 0 , 4298
0.00 , 0 , 4303
0.00 , 0 , 4307
0.00 , 0 , 4313
0.00 , 0 , 4318
0.00 , 0 , 4323
0.00 , 0 , 4327
0.00 , 0 , 4332
0.00 , 0 , 4337
0.00 , 0 , 4341
0.00 , 0 , 4346
0.00 , 0 , 4352
0.00 , 0 , 4356
0.00 , 0 , 4361
0.00 , 0 , 4366
0.00 , 0 , 4371
0.00 , 0 , 4375
0.00 , 0 , 4380
0.00 , 0 , 4385
0.00 , 0 , 4389
0.00 , 0 , 4395
0.00 , 0 , 4400
0.00 , 0 , 4405
0.00 , 0 , 4409
0.00 , 0 , 4414
0.00 , 0 , 4419
0.00 , 0 , 4423
0.00 , 0 , 4428
0.00 , 0 , 4433
0.00 , 0 , 4439
0.00 , 0 , 4443
0.00 , 0 , 4448
0.00 , 0 , 4453
0.00 , 0 , 4457
0.00 , 0 , 4462
0.00 , 0 , 4467
0.00 , 0 , 4471
0.00 , 0 , 4476
0.00 , 0 , 4482
0.00 , 0 , 4487
0.00 , 0 , 4491
0.00 , 0 , 4496
0.00 , 0 , 4501
0.00 , 0 , 4505
0.00 , 0 , 4510
0.00 , 0 , 4515
0.00 , 0 , 4520
0.00 , 0 , 4525
0.00 , 0 , 4530
0.00 , 0 , 4535
0.00 , 0 , 4539
0.00 , 0 , 4544
0.00 , 0 , 4549
0.00 , 0 , 4553
0.00 , 0 , 4558
0.00 , 0 , 4563
0.00 , 0 , 4569
0.00 , 0 , 4573
0.00 , 0 , 4578
0.00 , 0 , 4583
0.00 , 0 , 4587
0.00 , 0 , 4592
0.00 , 0 , 4597
0.00 , 0 , 4602
0.00 , 0 , 4606
0.00 , 0 , 4612
0.00 , 0 , 4617
0.00 , 0 , 4621
0.00 , 0 , 4626
0.00 , 0 , 4631
0.00 , 0 , 4636
0.00 , 0 , 4640
0.00 , 0 , 4645
0.00 , 0 , 4651
0.00 , 0 , 4655
0.00 , 0 , 4660
0.00 , 0 , 4665
0.00 , 0 , 4669
0.00 , 0 , 4674
0.00 , 0 , 4679
0.00 , 0 , 4684
0.00 , 0 , 4688
0.00 , 0 , 4694
0.00 , 0 , 4699
0.00 , 0 , 4703
0.00 , 0 , 4708
0.00 , 0 , 4713
0.00 , 0 , 4718
0.00 , 0 , 4722
0.00 , 0 , 4727
0.00 , 0 , 4732
0.00 , 0 , 4737
0.00 , 0 , 4742
0.00 , 0 , 4747
0.00 , 0 , 4752
0.00 , 0 , 4756
0.00 , 0 , 4761
0.00 , 0 , 4766
0.00 , 0 , 4770
0.00 , 0 , 4775
0.00 , 0 , 4781
0.00 , 0 , 4785
0.00 , 0 , 4790
0.00 , 0 , 4795
0.00 , 0 , 4800
0.00 , 0 , 4804
0.00 , 0 , 4809
0.00 , 0 , 4814
0.00 , 0 , 4818
0.00 , 0 , 4824
0.00 , 0 , 4829
0.00 , 0 , 4834
0.00 , 0 , 4838
0.00 , 0 , 4843
0.00 , 0 , 4848
0.00 , 0 , 4852
0.00 , 0 , 4857
0.00 , 0 , 4862
0.00 , 0 , 4867
0.00 , 0 , 4872
0.00 , 0 , 4877
0.00 , 0 , 4882
0.00 , 0 , 4886
0.00 , 0 , 4891
0.00 , 0 , 4896
0.00 , 0 , 4900
0.00 , 0 , 4905
0.00 , 0 , 4911
0.00 , 0 , 4916
0.00 , 0 , 4920
0.00 , 0 , 4925
0.00 , 0 , 4930
0.00 , 0 , 4934
0.00 , 0 , 4939
0.00 , 0 , 4944
0.00 , 0 , 4950
0.00 , 0 , 4954
0.00 , 0 , 4959
0.00 , 0 , 4964
0.00 , 0 , 4968
0.00 , 0 , 4973
0.00 , 0 , 4978
0.00 , 0 , 4982
0.00 , 0 , 4987
0.00 , 0 , 4993
0.00 , 0 , 4998
0.00 , 0 , 5002
0.00 , 0 , 5007
0.00 , 0 , 5012
0.00 , 0 , 5016
0.00 , 0 , 5021
0.00 , 0 , 5026
0.00 , 0 , 5031
0.00 , 0 , 5036
0.00 , 0 , 5041
0.00 , 0 , 5046
0.00 , 0 , 5050
0.00 , 0 , 5055
0.00 , 0 , 5060
0.00 , 0 , 5064
0.00 , 0 , 5069
0.00 , 0 , 5074
0.00 , 0 , 5080
0.00 , 0 , 5084
0.00 , 0 , 5089
0.00 , 0 , 5094
0.00 , 0 , 5098
0.00 , 0 , 5103
0.00 , 0 , 5108
0.00 , 0 , 5113
0.00 , 0 , 5117
0.00 , 0 , 5121
0.00 , 0 , 5126
0.00 , 0 , 5130
0.00 , 0 , 5135
0.00 , 0 , 5140
0.00 , 0 , 5145
0.00 , 0 , 5149
0.00 , 0 , 5154
0.00 , 0 , 5159
0.00 , 0 , 5164
0.00 , 0 , 5169
0.00 , 0 , 5174
0.00 , 0 , 5178
0.00 , 0 , 5183
0.00 , 0 , 5188
0.00 , 0 , 5193
0.00 , 0 , 5197
0.00 , 0 , 5202
0.00 , 0 , 5208
0.00 , 0 , 5212
0.00 , 0 , 5217
0.00 , 0 , 5222
0.00 , 0 , 5227
0.00 , 0 , 5231
0.00 , 0 , 5236
0.00 , 0 , 5241
0.00 , 0 , 5245
0.00 , 0 , 5251
0.00 , 0 , 5256
0.00 , 0 , 5260
0.00 , 0 , 5265
0.00 , 0 , 5270
0.00 , 0 , 5275
0.00 , 0 , 5279
0.00 , 0 , 5284
0.00 , 0 , 5289
0.00 , 0 , 5294
0.00 , 0 , 5299
0.00 , 0 , 5304
0.00 , 0 , 5309
0.00 , 0 , 5313
0.00 , 0 , 5318
0.00 , 0 , 5323
0.00 , 0 , 5327
0.00 , 0 , 5332
0.00 , 0 , 5338
0.00 , 0 , 5342
0.00 , 0 , 5347
0.00 , 0 , 5352
0.00 , 0 , 5357
0.00 , 0 , 5361
0.00 , 0 , 5366
0.00 , 0 , 5371
0.00 , 0 , 5376
0.00 , 0 , 5381
0.00 , 0 , 5386
0.00 , 0 , 5391
0.00 , 0 , 5395
0.00 , 0 , 5400
0.00 , 0 , 5405
0.00 , 0 , 5409
0.00 , 200 , 5414
0.00 , 200 , 5420
0.00 , 200 , 5425
1.26 , 200 , 5430
2.52 , 200 , 5434
2.52 , 200 , 5439
3.79 , 200 , 5444
5.05 , 200 , 5449
6.31 , 200 , 5454
7.57 , 200 , 5459
7.57 , 200 , 5465
8.84 , 200 , 5469
10.10 , 200 , 5474
11.36 , 200 , 5479
12.62 , 200 , 5484
12.62 , 200 , 5489
13.88 , 200 , 5494
15.15 , 200 , 5499
16.41 , 200 , 5505
16.41 , 200 , 5510
17.67 , 200 , 5514
18.93 , 200 , 5519
20.19 , 200 , 5524
21.46 , 200 , 5529
23.98 , 200 , 5534
25.24 , 0 , 5539
26.51 , 0 , 5544
27.77 , 0 , 5549
27.77 , 0 , 5554
29.03 , 0 , 5559
29.03 , 0 , 5564
29.03 , 0 , 5569
29.03 , 0 , 5573
29.03 , 0 , 5578
29.03 , 0 , 5583
29.03 , 0 , 5588
29.03 , 0 , 5594
29.03 , 0 , 5598
29.03 , 0 , 5603
29.03 , 0 , 5608
29.03 , 0 , 5613
29.03 , 0 , 5618
29.03 , 0 , 5622
29.03 , 0 , 5627
29.03 , 0 , 5633
29.03 , 0 , 5638
29.03 , 0 , 5643
27.77 , 0 , 5647
27.77 , 0 , 5652
27.77 , 0 , 5657
27.77 , 0 , 5662
27.77 , 0 , 5667
27.77 , 0 , 5671
27.77 , 0 , 5677
27.77 , 0 , 5682
26.51 , 0 , 5687
26.51 , 0 , 5692
26.51 , 0 , 5696
25.24 , 0 , 5701
23.98 , 0 , 5706
23.98 , 0 , 5711
22.72 , 0 , 5716
21.46 , 0 , 5722
21.46 , 0 , 5726
20.19 , 0 , 5731
18.93 , 0 , 5736
17.67 , 0 , 5741
17.67 , 0 , 5746
16.41 , 0 , 5750
15.15 , 0 , 5755
15.15 , 0 , 5761
13.88 , 0 , 5766
13.88 , 0 , 5771
12.62 , 0 , 5775
12.62 , 0 , 5780
11.36 , 0 , 5785
11.36 , 0 , 5790
11.36 , 0 , 5795
10.10 , 0 , 5799
10.10 , 0 , 5805
10.10 , 0 , 5810
10.10 , 0 , 5815
8.84 , 0 , 5820
8.84 , 0 , 5824
7.57 , 0 , 5829
7.57 , 0 , 5834
7.57 , 0 , 5839
6.31 , 0 , 5843
6.31 , 0 , 5849
5.05 , 0 , 5854
3.79 , 0 , 5859
3.79 , 0 , 5863
2.52 , 0 , 5868
2.52 , 0 , 5873
2.52 , 0 , 5878
1.26 , 0 , 5882
1.26 , 0 , 5888
0.00 , 0 , 5893
0.00 , 0 , 5898
0.00 , 0 , 5902
-1.26 , 0 , 5907
-1.26 , 0 , 5912
-1.26 , 0 , 5917
-1.26 , 0 , 5921
-2.52 , 0 , 5926
-2.52 , 0 , 5932
-2.52 , 0 , 5937
-2.52 , 0 , 5941
-3.79 , 0 , 5946
-3.79 , 0 , 5951
-3.79 , 0 , 5956
-5.05 , 0 , 5960
-5.05 , 0 , 5965
-5.05 , 0 , 5970
-6.31 , 0 , 5976
-6.31 , 0 , 5980
-6.31 , 0 , 5985
-6.31 , 0 , 5990
-7.57 , 0 , 5995
-7.57 , 0 , 6000
-7.57 , 0 , 6004
-7.57 , 0 , 6009
-7.57 , 0 , 6014
-7.57 , 0 , 6020
-7.57 , 0 , 6024
-7.57 , 0 , 6029
-7.57 , 0 , 6034
-7.57 , 0 , 6039
-7.57 , 0 , 6043
-7.57 , 0 , 6048
-7.57 , 0 , 6053
-7.57 , 0 , 6059
-7.57 , 0 , 6063
-7.57 , 0 , 6068
-7.57 , 0 , 6073
-7.57 , 0 , 6078
-7.57 , 0 , 6082
-7.57 , 0 , 6087
-7.57 , 0 , 6092
-7.57 , 0 , 6097
-7.57 , 0 , 6102
-7.57 , 0 , 6107
-7.57 , 0 , 6112
-7.57 , 0 , 6117
-7.57 , 0 , 6121
-7.57 , 0 , 6126
-7.57 , 0 , 6131
-7.57 , 0 , 6136
-7.57 , 0 , 6140
-7.57 , 0 , 6146
-7.57 , 0 , 6151
-7.57 , 0 , 6156
-7.57 , 0 , 6161
-7.57 , 0 , 6165
-7.57 , 0 , 6170
-7.57 , 0 , 6175
-7.57 , 0 , 6180
-7.57 , 0 , 6184
-7.57 , 0 , 6190
-7.57 , 0 , 6195
-7.57 , 0 , 6200
-7.57 , 0 , 6204
-7.57 , 0 , 6209
-7.57 , 0 , 6214
-7.57 , 0 , 6219
-7.57 , 0 , 6223
-7.57 , 0 , 6228
-7.57 , 0 , 6234
-7.57 , 0 , 6239
-7.57 , 0 , 6243
-7.57 , 0 , 6248
-7.57 , 0 , 6253
-7.57 , 0 , 6258
-7.57 , 0 , 6262
-7.57 , 0 , 6267
-7.57 , 0 , 6273
-7.57 , 0 , 6278
-7.57 , 0 , 6282
-7.57 , 0 , 6287
-7.57 , 0 , 6292
-7.57 , 0 , 6297
-7.57 , 0 , 6301
-7.57 , 0 , 6306
-7.57 , 0 , 6311
-7.57 , 0 , 6317
-7.57 , 0 , 6322
-7.57 , 0 , 6326
-7.57 , 0 , 6331
-7.57 , 0 , 6336
-7.57 , 0 , 6341
-7.57 , 0 , 6345
-7.57 , 0 , 6350
-7.57 , 0 , 6355
-7.57 , 0 , 6361
-7.57 , 0 , 6365
-7.57 , 0 , 6370
-7.57 , 0 , 6375
-7.57 , 0 , 6380
-7.57 , 0 , 6384
-7.57 , 0 , 6389
-7.57 , 0 , 6394
-7.57 , 0 , 6400
-7.57 , 0 , 6404
-7.57 , 0 , 6409
-7.57 , 0 , 6414
-7.57 , 0 , 6419
-7.57 , 0 , 6423
-7.57 , 0 , 6428
-7.57 , 0 , 6433
-7.57 , 0 , 6438
-7.57 , 0 , 6443
-7.57 , 0 , 6448
-7.57 , 0 , 6453
-7.57 , 0 , 6458
-7.57 , 0 , 6462
-7.57 , 0 , 6467
-7.57 , 0 , 6472
-7.57 , 0 , 6477
-7.57 , 0 , 6481
-7.57 , 0 , 6487
-7.57 , 0 , 6492
-7.57 , 0 , 6497
-7.57 , 0 , 6502
-7.57 , 0 , 6506
-7.57 , 0 , 6511
-7.57 , 0 , 6516
-7.57 , 0 , 6521
-7.57 , 0 , 6525
-7.57 , 0 , 6531
-7.57 , 0 , 6536
-7.57 , 0 , 6541
-7.57 , 0 , 6545
-7.57 , 0 , 6550
-7.57 , 0 , 6555
-7.57 , 0 , 6560
-7.57 , 0 , 6564
-7.57 , 0 , 6569
-7.57 , 0 , 6575
-7.57 , 0 , 6580
-7.57 , 0 , 6584
-7.57 , 0 , 6589
-7.57 , 0 , 6594
-7.57 , 0 , 6599
-7.57 , 0 , 6603
-7.57 , 0 , 6608
-7.57 , 0 , 6614
-7.57 , 0 , 6619
-7.57 , 0 , 6623
-7.57 , 0 , 6628
-7.57 , 0 , 6633
-7.57 , 220 , 6638
-7.57 , 220 , 6643
-6.31 , 220 , 6648
-5.05 , 220 , 6652
-3.79 , 220 , 6658
-2.52 , 220 , 6663
-1.26 , 220 , 6668
1.26 , 220 , 6673
2.52 , 220 , 6678
3.79 , 220 , 6682
5.05 , 220 , 6687
5.05 , 220 , 6692
6.31 , 220 , 6697
7.57 , 220 , 6703
8.84 , 220 , 6708
10.10 , 220 , 6713
11.36 , 220 , 6717
12.62 , 220 , 6722
13.88 , 220 , 6727
15.15 , 220 , 6732
17.67 , 220 , 6737
18.93 , 220 , 6743
20.19 , 220 , 6748
22.72 , 220 , 6753
23.98 , 220 , 6758
26.51 , 220 , 6763
27.77 , 220 , 6767
30.29 , 220 , 6772
32.82 , 220 , 6777
35.34 , 220 , 6782
37.87 , 220 , 6788
40.39 , 220 , 6793
42.91 , 0 , 6798
45.44 , 0 , 6803
46.70 , 0 , 6807
47.96 , 0 , 6812
49.23 , 0 , 6817
49.23 , 0 , 6822
50.49 , 0 , 6828
50.49 , 0 , 6832
50.49 , 0 , 6837
51.75 , 0 , 6842
51.75 , 0 , 6847
51.75 , 0 , 6852
53.01 , 0 , 6856
53.01 , 0 , 6861
53.01 , 0 , 6866
54.27 , 0 , 6872
54.27 , 0 , 6877
55.54 , 0 , 6881
55.54 , 0 , 6886
56.80 , 0 , 6891
56.80 , 0 , 6896
58.06 , 0 , 6901
58.06 , 0 , 6906
58.06 , 0 , 6910
59.32 , 0 , 6916
59.32 , 0 , 6921
59.32 , 0 , 6926
59.32 , 0 , 6931
58.06 , 0 , 6935
58.06 , 0 , 6940
58.06 , 0 , 6945
58.06 , 0 , 6950
58.06 , 0 , 6956
56.80 , 0 , 6960
56.80 , 0 , 6965
55.54 , 0 , 6970
55.54 , 0 , 6975
54.27 , 0 , 6980
54.27 , 0 , 6984
53.01 , 0 , 6989
51.75 , 0 , 6994
51.75 , 0 , 7000
50.49 , 0 , 7005
49.23 , 0 , 7009
49.23 , 0 , 7014
47.96 , 0 , 7019
47.96 , 0 , 7024
46.70 , 0 , 7029
46.70 , 0 , 7034
45.44 , 0 , 7038
45.44 , 0 , 7044
45.44 , 0 , 7049
44.18 , 0 , 7054
44.18 , 0 , 7059
42.91 , 0 , 7063
42.91 , 0 , 7068
42.91 , 0 , 7073
41.65 , 0 , 7078
40.39 , 0 , 7084
40.39 , 0 , 7088
39.13 , 0 , 7093
39.13 , 0 , 7098
37.87 , 0 , 7103
37.87 , 0 , 7108
36.60 , 0 , 7112
35.34 , 0 , 7117
35.34 , 0 , 7122
34.08 , 0 , 7128
32.82 , 0 , 7133
32.82 , 0 , 7137
31.55 , 0 , 7142
31.55 , 0 , 7147
30.29 , 0 , 7152
30.29 , 0 , 7157
29.03 , 0 , 7162
29.03 , 0 , 7166
27.77 , 0 , 7172
27.77 , 0 , 7177
26.51 , 0 , 7182
25.24 , 0 , 7187
25.24 , 0 , 7191
23.98 , 0 , 7196
23.98 , 0 , 7201
22.72 , 0 , 7206
22.72 , 0 , 7212
21.46 , 0 , 7216
20.19 , 0 , 7221
20.19 , 0 , 7226
18.93 , 0 , 7231
17.67 , 0 , 7236
17.67 , 0 , 7240
16.41 , 0 , 7245
16.41 , 0 , 7250
15.15 , 0 , 7256
13.88 , 0 , 7261
13.88 , 0 , 7266
12.62 , 0 , 7270
12.62 , 0 , 7275
11.36 , 0 , 7280
11.36 , 0 , 7285
10.10 , 0 , 7290
10.10 , 0 , 7294
8.84 , 0 , 7300
8.84 , 0 , 7305
7.57 , 0 , 7310
7.57 , 0 , 7314
6.31 , 0 , 7319
6.31 , 0 , 7324
5.05 , 0 , 7329
5.05 , 0 , 7333
3.79 , 0 , 7339
3.79 , 0 , 7344
2.52 , 0 , 7349
2.52 , 0 , 7353
1.26 , 0 , 7358
1.26 , 0 , 7363
0.00 , 0 , 7368
0.00 , 0 , 7372
-1.26 , 0 , 7377
-1.26 , 0 , 7383
-1.26 , 0 , 7388
-2.52 , 0 , 7392
-2.52 , 0 , 7397
-3.79 , 0 , 7402
-3.79 , 0 , 7407
-3.79 , 0 , 7411
-5.05 , 0 , 7416
-5.05 , 0 , 7421
-6.31 , 0 , 7427
-6.31 , 0 , 7431
-6.31 , 0 , 7436
-7.57 , 0 , 7441
-7.57 , 0 , 7446
-7.57 , 0 , 7451
-8.84 , 0 , 7455
-8.84 , 0 , 7460
-8.84 , 0 , 7465
-10.10 , 0 , 7471
-10.10 , 0 , 7475
-10.10 , 0 , 7480
-10.10 , 0 , 7485
-11.36 , 0 , 7490
-11.36 , 0 , 7495
-11.36 , 0 , 7500
-11.36 , 0 , 7504
-11.36 , 0 , 7510
-12.62 , 0 , 7515
-12.62 , 0 , 7520
-12.62 , 0 , 7525
-12.62 , 0 , 7529
-12.62 , 0 , 7534
-12.62 , 0 , 7539
-12.62 , 0 , 7544
-13.88 , 0 , 7549
-13.88 , 0 , 7555
-13.88 , 0 , 7559
-13.88 , 0 , 7564
-13.88 , 0 , 7569
-13.88 , 0 , 7574
-13.88 , 0 , 7579
-13.88 , 0 , 7583
-13.88 , 0 , 7588
-13.88 , 0 , 7593
-13.88 , 0 , 7599
-13.88 , 0 , 7604
-13.88 , 0 , 7608
-13.88 , 0 , 7613
-13.88 , 0 , 7618
-13.88 , 0 , 7623
-13.88 , 0 , 7628
-13.88 , 0 , 7632
-13.88 , 0 , 7638
-13.88 , 0 , 7643
-13.88 , 0 , 7648
-13.88 , 0 , 7653
-13.88 , 0 , 7658
-13.88 , 0 , 7662
-13.88 , 0 , 7667
-13.88 , 0 , 7672
-13.88 , 0 , 7677
-13.88 , 0 , 7683
-13.88 , 0 , 7687
-13.88 , 0 , 7692
-13.88 , 0 , 7697
-13.88 , 0 , 7702
-13.88 , 0 , 7707
-13.88 , 0 , 7711
-13.88 , 0 , 7716
-13.88 , 0 , 7721
-13.88 , 0 , 7727
-13.88 , 0 , 7732
-13.88 , 0 , 7737
-13.88 , 0 , 7741
-13.88 , 0 , 7746
-13.88 , 0 , 7751
-13.88 , 0 , 7756
-13.88 , 0 , 7761
-13.88 , 0 , 7766
-13.88 , 0 , 7771
-13.88 , 0 , 7776
-13.88 , 0 , 7781
-13.88 , 0 , 7786
-13.88 , 0 , 7790
-13.88 , 0 , 7795
-13.88 , 0 , 7800
-13.88 , 0 , 7805
-13.88 , 0 , 7811
-13.88 , 0 , 7815
-13.88 , 0 , 7820
-13.88 , 0 , 7825
-13.88 , 0 , 7830
-13.88 , 0 , 7835
-13.88 , 0 , 7840
-13.88 , 0 , 7844
-13.88 , 0 , 7849
-13.88 , 0 , 7855
-13.88 , 0 , 7860
-13.88 , 0 , 7865
-13.88 , 190 , 7870
-12.62 , 190 , 7874
-12.62 , 190 , 7879
-11.36 , 190 , 7884
-10.10 , 190 , 7889
-8.84 , 190 , 7895
-7.57 , 190 , 7900
-6.31 , 190 , 7905
-5.05 , 190 , 7910
-3.79 , 190 , 7914
-2.52 , 190 , 7919
-2.52 , 190 , 7924
-1.26 , 190 , 7929
0.00 , 190 , 7934
0.00 , 190 , 7940
1.26 , 190 , 7944
2.52 , 190 , 7949
2.52 , 190 , 7954
3.79 , 190 , 7959
5.05 , 190 , 7964
6.31 , 190 , 7969
7.57 , 190 , 7973
8.84 , 190 , 7979
10.10 , 190 , 7984
12.62 , 190 , 7989
13.88 , 190 , 7994
16.41 , 190 , 7999
17.67 , 190 , 8004
20.19 , 190 , 8009
22.72 , 190 , 8014
25.24 , 190 , 8019
26.51 , 190 , 8024
29.03 , 190 , 8029
30.29 , 190 , 8034
32.82 , 190 , 8039
34.08 , 190 , 8044
36.60 , 190 , 8049
37.87 , 190 , 8054
40.39 , 190 , 8059
42.91 , 190 , 8065
44.18 , 190 , 8070
46.70 , 190 , 8074
49.23 , 190 , 8079
50.49 , 190 , 8084
53.01 , 190 , 8089
55.54 , 190 , 8094
56.80 , 190 , 8099
59.32 , 190 , 8104
61.85 , 190 , 8110
64.37 , 190 , 8115
65.63 , 190 , 8120
68.16 , 190 , 8124
70.68 , 190 , 8129
71.94 , 190 , 8134
74.47 , 190 , 8139
76.99 , 0 , 8144
78.26 , 0 , 8150
79.52 , 0 , 8155
80.78 , 0 , 8159
80.78 , 0 , 8164
80.78 , 0 , 8169
82.04 , 0 , 8174
82.04 , 0 , 8179
82.04 , 0 , 8183
82.04 , 0 , 8188
82.04 , 0 , 8194
82.04 , 0 , 8199
82.04 , 0 , 8204
83.30 , 0 , 8208
83.30 , 0 , 8213
83.30 , 0 , 8218
84.57 , 0 , 8223
84.57 , 0 , 8228
84.57 , 0 , 8232
85.83 , 0 , 8238
85.83 , 0 , 8243
85.83 , 0 , 8248
85.83 , 0 , 8253
85.83 , 0 , 8257
85.83 , 0 , 8262
85.83 , 0 , 8267
85.83 , 0 , 8272
85.83 , 0 , 8278
84.57 , 0 , 8283
84.57 , 0 , 8287
84.57 , 0 , 8292
83.30 , 0 , 8297
83.30 , 0 , 8302
83.30 , 0 , 8307
82.04 , 0 , 8311
82.04 , 0 , 8316
80.78 , 0 , 8322
79.52 , 0 , 8327
79.52 , 0 , 8332
78.26 , 0 , 8336
78.26 , 0 , 8341
76.99 , 0 , 8346
75.73 , 0 , 8351
75.73 , 0 , 8356
74.47 , 0 , 8360
74.47 , 0 , 8366
74.47 , 0 , 8371
73.21 , 0 , 8376
73.21 , 0 , 8381
73.21 , 0 , 8385
71.94 , 0 , 8390
71.94 , 0 , 8395
70.68 , 0 , 8400
70.68 , 0 , 8406
70.68 , 0 , 8411
69.42 , 0 , 8415
69.42 , 0 , 8420
68.16 , 0 , 8425
68.16 , 0 , 8430
66.90 , 0 , 8435
66.90 , 0 , 8439
65.63 , 0 , 8444
65.63 , 0 , 8450
64.37 , 0 , 8455
63.11 , 0 , 8460
63.11 , 0 , 8464
61.85 , 0 , 8469
61.85 , 0 , 8474
60.58 , 0 , 8479
60.58 , 0 , 8484
59.32 , 0 , 8489
59.32 , 0 , 8494
58.06 , 0 , 8499
58.06 , 0 , 8504
56.80 , 0 , 8509
56.80 , 0 , 8514
55.54 , 0 , 8518
54.27 , 0 , 8523
54.27 , 0 , 8528
53.01 , 0 , 8534
51.75 , 0 , 8539
51.75 , 0 , 8543
50.49 , 0 , 8548
50.49 , 0 , 8553
49.23 , 0 , 8558
47.96 , 0 , 8563
47.96 , 0 , 8567
46.70 , 0 , 8572
46.70 , 0 , 8578
45.44 , 0 , 8583
44.18 , 0 , 8588
44.18 , 0 , 8593
42.91 , 0 , 8597
42.91 , 0 , 8602
41.65 , 0 , 8607
40.39 , 0 , 8612
40.39 , 0 , 8617
39.13 , 0 , 8622
37.87 , 0 , 8627
37.87 , 0 , 8632
36.60 , 0 , 8637
35.34 , 0 , 8642
35.34 , 0 , 8646
34.08 , 0 , 8651
32.82 , 0 , 8656
32.82 , 0 , 8662
31.55 , 0 , 8667
30.29 , 0 , 8671
30.29 , 0 , 8676
29.03 , 0 , 8681
27.77 , 0 , 8686
27.77 , 0 , 8691
26.51 , 0 , 8696
25.24 , 0 , 8700
25.24 , 0 , 8706
23.98 , 0 , 8711
22.72 , 0 , 8716
22.72 , 0 , 8721
21.46 , 0 , 8725
20.19 , 0 , 8730
20.19 , 0 , 8735
18.93 , 0 , 8740
17.67 , 0 , 8745
17.67 , 0 , 8750
16.41 , 0 , 8755
15.15 , 0 , 8760
15.15 , 0 , 8765
13.88 , 0 , 8770
12.62 , 0 , 8775
12.62 , 0 , 8779
11.36 , 0 , 8784
10.10 , 0 , 8790
10.10 , 0 , 8795
8.84 , 0 , 8800
7.57 , 0 , 8804
7.57 , 0 , 8809
6.31 , 0 , 8814
6.31 , 0 , 8819
5.05 , 0 , 8823
3.79 , 0 , 8828
3.79 , 0 , 8834
2.52 , 0 , 8839
2.52 , 0 , 8843
1.26 , 0 , 8848
0.00 , 0 , 8853
0.00 , 0 , 8857
-1.26 , 0 , 8862
-1.26 , 0 , 8867
-2.52 , 0 , 8872
-2.52 , 0 , 8878
-3.79 , 0 , 8882
-3.79 , 0 , 8887
-5.05 , 0 , 8892
-5.05 , 0 , 8897
-6.31 , 0 , 8901
-6.31 , 0 , 8906
-7.57 , 0 , 8911
-7.57 , 0 , 8916
-8.84 , 0 , 8921
-8.84 , 0 , 8926
-10.10 , 0 , 8931
-10.10 , 0 , 8936
-10.10 , 0 , 8941
-11.36 , 0 , 8945
-11.36 , 0 , 8950
-12.62 , 0 , 8955
-12.62 , 0 , 8961
-12.62 , 0 , 8966
-13.88 , 0 , 8971
-13.88 , 0 , 8975
-13.88 , 0 , 8980
-13.88 , 0 , 8985
-15.15 , 0 , 8990
-15.15 , 0 , 8995
-15.15 , 0 , 8999
-15.15 , 0 , 9005
-15.15 , 0 , 9010
-15.15 , 0 , 9015
-16.41 , 0 , 9020
-16.41 , 0 , 9025
-16.41 , 0 , 9029
-16.41 , 0 , 9034
-16.41 , 0 , 9039
-16.41 , 0 , 9044
-16.41 , 0 , 9050
-16.41 , 0 , 9054
-16.41 , 0 , 9059
-16.41 , 0 , 9064
-16.41 , 0 , 9069
-16.41 , 0 , 9074
-16.41 , 0 , 9079
-16.41 , 0 , 9083
-16.41 , 0 , 9089
-16.41 , 0 , 9094
-16.41 , 0 , 9099
-16.41 , 210 , 9104
-16.41 , 210 , 9109
-15.15 , 210 , 9113
-13.88 , 210 , 9118
-12.62 , 210 , 9123
-11.36 , 210 , 9128
-10.10 , 210 , 9134
-8.84 , 210 , 9139
-7.57 , 210 , 9144
-6.31 , 210 , 9149
-5.05 , 210 , 9153
-3.79 , 210 , 9158
-2.52 , 210 , 9163
-1.26 , 210 , 9168
0.00 , 210 , 9174
1.26 , 210 , 9179
2.52 , 210 , 9184
3.79 , 210 , 9188
3.79 , 210 , 9193
5.05 , 210 , 9198
7.57 , 210 , 9203
8.84 , 210 , 9208
10.10 , 210 , 9213
12.62 , 210 , 9219
13.88 , 210 , 9223
16.41 , 0 , 9228
17.67 , 0 , 9233
18.93 , 0 , 9238
20.19 , 0 , 9243
21.46 , 0 , 9248
22.72 , 0 , 9252
22.72 , 0 , 9257
23.98 , 0 , 9263
23.98 , 0 , 9268
25.24 , 0 , 9273
25.24 , 0 , 9277
26.51 , 0 , 9282
26.51 , 0 , 9287
27.77 , 0 , 9292
27.77 , 0 , 9297
29.03 , 0 , 9302
30.29 , 0 , 9307
30.29 , 0 , 9312
31.55 , 0 , 9317
31.55 , 0 , 9322
32.82 , 0 , 9326
32.82 , 0 , 9331
34.08 , 0 , 9336
34.08 , 0 , 9341
34.08 , 0 , 9347
34.08 , 0 , 9352
32.82 , 0 , 9356
32.82 , 0 , 9361
32.82 , 0 , 9366
32.82 , 0 , 9371
32.82 , 0 , 9376
31.55 , 0 , 9380
31.55 , 0 , 9385
30.29 , 0 , 9391
30.29 , 0 , 9396
30.29 , 0 , 9401
29.03 , 0 , 9405
29.03 , 0 , 9410
27.77 , 0 , 9415
27.77 , 0 , 9420
27.77 , 0 , 9425
26.51 , 0 , 9430
26.51 , 0 , 9435
26.51 , 0 , 9440
26.51 , 0 , 9445
25.24 , 0 , 9450
25.24 , 0 , 9454
25.24 , 0 , 9459
23.98 , 0 , 9464
23.98 , 0 , 9469
23.98 , 0 , 9475
22.72 , 0 , 9480
22.72 , 0 , 9484
21.46 , 0 , 9489
21.46 , 0 , 9494
21.46 , 0 , 9499
20.19 , 0 , 9504
20.19 , 0 , 9508
20.19 , 0 , 9513
18.93 , 0 , 9519
18.93 , 0 , 9524
18.93 , 0 , 9529
17.67 , 0 , 9533
17.67 , 0 , 9538
17.67 , 0 , 9543
16.41 , 0 , 9548
16.41 , 0 , 9553
16.41 , 0 , 9558
15.15 , 0 , 9563
15.15 , 0 , 9568
13.88 , 0 , 9573
13.88 , 0 , 9578
13.88 , 0 , 9583
12.62 , 0 , 9587
12.62 , 0 , 9592
12.62 , 0 , 9597
11.36 , 0 , 9603
11.36 , 0 , 9608
11.36 , 0 , 9612
11.36 , 0 , 9617
10.10 , 0 , 9622
10.10 , 0 , 9627
10.10 , 0 , 9632
10.10 , 0 , 9636
8.84 , 0 , 9641
8.84 , 0 , 9647
8.84 , 0 , 9652
7.57 , 0 , 9656
7.57 , 0 , 9661
7.57 , 0 , 9666
7.57 , 0 , 9671
6.31 , 0 , 9675
6.31 , 0 , 9680
6.31 , 0 , 9686
6.31 , 0 , 9691
6.31 , 0 , 9696
5.05 , 0 , 9700
5.05 , 0 , 9705
5.05 , 0 , 9710
5.05 , 0 , 9715
3.79 , 0 , 9719
3.79 , 0 , 9724
3.79 , 0 , 9730
3.79 , 0 , 9735
2.52 , 0 , 9739
2.52 , 0 , 9744
2.52 , 0 , 9749
2.52 , 0 , 9754
2.52 , 0 , 9758
2.52 , 0 , 9763
1.26 , 0 , 9768
1.26 , 0 , 9774
1.26 , 0 , 9778
1.26 , 0 , 9783
1.26 , 0 , 9788
1.26 , 0 , 9793
1.26 , 0 , 9797
0.00 , 0 , 9802
0.00 , 0 , 9807
0.00 , 0 , 9812
0.00 , 0 , 9817
0.00 , 0 , 9822
0.00 , 0 , 9827
0.00 , 0 , 9831
-1.26 , 0 , 9836
-1.26 , 0 , 9841
-1.26 , 0 , 9846
-1.26 , 0 , 9850
-1.26 , 0 , 9856
-1.26 , 0 , 9861
-1.26 , 0 , 9866
-1.26 , 0 , 9871
-1.26 , 0 , 9875
-1.26 , 0 , 9880
-1.26 , 0 , 9885
-1.26 , 0 , 9890
-1.26 , 0 , 9894
-1.26 , 0 , 9900
-1.26 , 0 , 9905
-1.26 , 0 , 9910
-1.26 , 0 , 9914
-1.26 , 0 , 9919
-1.26 , 0 , 9924
-1.26 , 0 , 9929
-1.26 , 0 , 9933
-1.26 , 0 , 9938
-1.26 , 0 , 9944
-1.26 , 0 , 9949
-1.26 , 0 , 9953
-1.26 , 0 , 9958
-1.26 , 0 , 9963
-1.26 , 0 , 9968
-1.26 , 0 , 9973
-1.26 , 0 , 9977
-1.26 , 0 , 9982
-1.26 , 0 , 9988
-1.26 , 0 , 9993
-1.26 , 0 , 9997
-1.26 , 0 , 10002
-1.26 , 0 , 10007
-1.26 , 0 , 10012
-1.26 , 0 , 10017
-1.26 , 0 , 10021
-1.26 , 0 , 10027
-1.26 , 0 , 10032
-1.26 , 0 , 10037
-1.26 , 0 , 10042
-1.26 , 0 , 10046
-1.26 , 0 , 10051
-1.26 , 0 , 10056
-1.26 , 0 , 10061
-1.26 , 0 , 10066
-1.26 , 0 , 10071
-1.26 , 0 , 10076
-1.26 , 0 , 10081
-1.26 , 0 , 10086
-1.26 , 0 , 10091
-1.26 , 0 , 10096
-1.26 , 0 , 10100
-1.26 , 0 , 10105
-1.26 , 0 , 10110
-1.26 , 0 , 10116
-1.26 , 0 , 10121
-1.26 , 0 , 10125
-1.26 , 0 , 10130
-1.26 , 0 , 10135
-1.26 , 0 , 10140
-1.26 , 0 , 10145
-1.26 , 0 , 10149
-1.26 , 0 , 10155
-1.26 , 0 , 10160
-1.26 , 0 , 10165
-1.26 , 0 , 10170
-1.26 , 0 , 10175
-1.26 , 0 , 10179
-1.26 , 0 , 10184
-1.26 , 0 , 10189
-1.26 , 0 , 10194
-1.26 , 0 , 10200
-1.26 , 0 , 10204
-1.26 , 0 , 10209
-1.26 , 0 , 10214
-1.26 , 0 , 10219
-1.26 , 0 , 10224
-1.26 , 0 , 10229
-1.26 , 0 , 10233
-1.26 , 0 , 10238
-1.26 , 0 , 10244
-1.26 , 0 , 10249
-1.26 , 0 , 10254
-1.26 , 0 , 10258
-1.26 , 0 , 10263
-1.26 , 0 , 10268
-1.26 , 0 , 10273
-1.26 , 0 , 10278
-1.26 , 0 , 10283
-1.26 , 0 , 10288
-1.26 , 0 , 10293
-1.26 , 0 , 10298
-1.26 , 0 , 10303
-1.26 , 0 , 10308
-1.26 , 0 , 10312
-1.26 , 0 , 10317
-1.26 , 0 , 10322
-1.26 , 0 , 10328
-1.26 , 0 , 10333
-1.26 , 0 , 10337
-1.26 , 0 , 10342
-1.26 , 0 , 10347
-1.26 , 0 , 10352
-1.26 , 0 , 10357
-1.26 , 0 , 10361
-1.26 , 0 , 10366
-1.26 , 0 , 10372
-1.26 , 0 , 10377
-1.26 , 0 , 10382
-1.26 , 0 , 10387
-1.26 , 0 , 10391
-1.26 , 0 , 10396
-1.26 , 0 , 10401
-1.26 , 0 , 10406
-1.26 , 0 , 10412
-1.26 , 0 , 10416
-1.26 , 0 , 10421
-1.26 , 0 , 10426
-1.26 , 0 , 10431
-1.26 , 0 , 10436
-1.26 , 0 , 10440
-1.26 , 0 , 10445
-1.26 , 0 , 10450
-1.26 , 0 , 10456
-1.26 , 0 , 10461
-1.26 , 0 , 10466
-1.26 , 0 , 10470
-1.26 , 0 , 10475
-1.26 , 0 , 10480
-1.26 , 0 , 10485
-1.26 , 0 , 10490
-1.26 , 0 , 10494
-1.26 , 0 , 10500
-1.26 , 0 , 10505
-1.26 , 0 , 10510
-1.26 , 0 , 10515
-1.26 , 0 , 10519
-1.26 , 0 , 10524
-1.26 , 0 , 10529
-1.26 , 0 , 10534
-1.26 , 0 , 10540
-1.26 , 0 , 10545
-1.26 , 0 , 10549
-1.26 , 0 , 10554
-1.26 , 0 , 10559
-1.26 , 0 , 10564
-1.26 , 0 , 10569
-1.26 , 0 , 10573
-1.26 , 0 , 10578
-1.26 , 0 , 10584
-1.26 , 0 , 10589
-1.26 , 0 , 10594
-1.26 , 0 , 10598
-1.26 , 0 , 10603
-1.26 , 0 , 10608
-1.26 , 0 , 10613
-1.26 , 0 , 10618
-1.26 , 0 , 10624
-1.26 , 0 , 10628
-1.26 , 0 , 10633
-1.26 , 0 , 10638
-1.26 , 0 , 10643
-1.26 , 0 , 10648
-1.26 , 0 , 10652
-1.26 , 0 , 10657
-1.26 , 0 , 10662
-1.26 , 0 , 10668
-1.26 , 0 , 10673
-1.26 , 0 , 10677
-1.26 , 0 , 10682
-1.26 , 0 , 10687
-1.26 , 0 , 10692
-1.26 , 0 , 10697
-1.26 , 0 , 10701
-1.26 , 0 , 10706
-1.26 , 0 , 10712
-1.26 , 0 , 10717
-1.26 , 0 , 10722
-1.26 , 0 , 10727
-1.26 , 0 , 10731
-1.26 , 0 , 10736
-1.26 , 0 , 10741
-1.26 , 0 , 10746
-1.26 , 0 , 10752
-1.26 , 0 , 10756
-1.26 , 0 , 10761
-1.26 , 0 , 10766
-1.26 , 0 , 10771
-1.26 , 0 , 10776
-1.26 , 0 , 10781
-1.26 , 0 , 10785
-1.26 , 0 , 10790
-1.26 , 0 , 10796
-1.26 , 0 , 10801
-1.26 , 0 , 10806
-1.26 , 0 , 10810
-1.26 , 0 , 10815
-1.26 , 0 , 10820
-1.26 , 0 , 10825
-1.26 , 0 , 10830
-1.26 , 0 , 10834
-1.26 , 0 , 10840
-1.26 , 0 , 10845
-1.26 , 0 , 10850
-1.26 , 0 , 10855
-1.26 , 0 , 10860
-1.26 , 0 , 10864
-1.26 , 0 , 10869
-1.26 , 0 , 10874
-1.26 , 0 , 10880
-1.26 , 0 , 10885
-1.26 , 0 , 10889
-1.26 , 0 , 10894
-1.26 , 0 , 10899
-1.26 , 0 , 10904
-1.26 , 0 , 10909
-1.26 , 0 , 10913
-1.26 , 0 , 10918
-1.26 , 0 , 10924
-1.26 , 0 , 10929
-1.26 , 0 , 10934
-1.26 , 0 , 10939
-1.26 , 0 , 10943
-1.26 , 0 , 10948
-1.26 , 0 , 10953
-1.26 , 0 , 10958
-1.26 , 0 , 10963
-1.26 , 0 , 10968
-1.26 , 0 , 10973
-1.26 , 0 , 10978
-1.26 , 0 , 10983
-1.26 , 0 , 10988
-1.26 , 0 , 10992
-1.26 , 0 , 10997
-1.26 , 0 , 11002
-1.26 , 0 , 11008
-1.26 , 0 , 11013
-1.26 , 0 , 11018
-1.26 , 0 , 11022
-1.26 , 0 , 11027
-1.26 , 0 , 11032
-1.26 , 0 , 11037
-1.26 , 0 , 11042
-1.26 , 0 , 11046
-1.26 , 0 , 11052
-1.26 , 0 , 11057
-1.26 , 0 , 11062
-1.26 , 0 , 11067
-1.26 , 0 , 11071
-1.26 , 0 , 11076
-1.26 , 0 , 11081
-1.26 , 0 , 11086
-1.26 , 0 , 11091
-1.26 , 0 , 11097
-1.26 , 0 , 11101
-1.26 , 0 , 11106
-1.26 , 0 , 11111
-1.26 , 0 , 11116
-1.26 , 0 , 11121
-1.26 , 0 , 11125
-1.26 , 0 , 11130
-1.26 , 0 , 11136
-1.26 , 0 , 11141
-1.26 , 0 , 11146
-1.26 , 0 , 11150
-1.26 , 0 , 11155
-1.26 , 0 , 11160
-1.26 , 0 , 11165
-1.26 , 0 , 11170
-1.26 , 0 , 11175
-1.26 , 0 , 11180
-1.26 , 0 , 11185
-1.26 , 0 , 11190
-1.26 , 0 , 11195
-1.26 , 0 , 11200
-1.26 , 0 , 11204
-1.26 , 0 , 11209
-1.26 , 0 , 11214
-1.26 , 0 , 11219
-1.26 , 0 , 11225
-1.26 , 0 , 11229
-1.26 , 0 , 11234
-1.26 , 0 , 11239
-1.26 , 0 , 11244
-1.26 , 0 , 11249
-1.26 , 0 , 11254
-1.26 , 0 , 11258
-1.26 , 0 , 11264
-1.26 , 0 , 11269
-1.26 , 0 , 11274
-1.26 , 0 , 11279
-1.26 , 0 , 11283
-1.26 , 0 , 11288
-1.26 , 0 , 11293
-1.26 , 0 , 11298
-1.26 , 0 , 11303
-1.26 , 0 , 11308
-1.26 , 0 , 11313
-1.26 , 0 , 11318
-1.26 , 0 , 11323
-1.26 , 0 , 11328
-1.26 , 0 , 11333
-1.26 , 0 , 11337
-1.26 , 0 , 11342
-1.26 , 0 , 11347
-1.26 , 0 , 11353
-1.26 , 0 , 11358
-1.26 , 0 , 11362
-1.26 , 0 , 11367
-1.26 , 0 , 11372
-1.26 , 0 , 11377
-1.26 , 0 , 11382
-1.26 , 0 , 11387
-1.26 , 0 , 11392
-1.26 , 0 , 11397
-1.26 , 0 , 11402
-1.26 , 0 , 11407
-1.26 , 0 , 11412
-1.26 , 0 , 11416
-1.26 , 0 , 11421
-1.26 , 0 , 11426
-1.26 , 0 , 11431
-1.26 , 0 , 11437
-1.26 , 0 , 11441
-1.26 , 0 , 11446
-1.26 , 0 , 11451
-1.26 , 0 , 11456
-1.26 , 0 , 11461
-1.26 , 0 , 11466
-1.26 , 0 , 11470
-1.26 , 0 , 11475
-1.26 , 0 , 11481
-1.26 , 0 , 11486
-1.26 , 0 , 11491
-1.26 , 0 , 11495
-1.26 , 0 , 11500
-1.26 , 0 , 11505
-1.26 , 0 , 11510
-1.26 , 0 , 11515
-1.26 , 0 , 11520
-1.26 , 0 , 11525
-1.26 , 0 , 11530
-1.26 , 0 , 11535
-1.26 , 0 , 11540
-1.26 , 0 , 11545
-1.26 , 0 , 11549
-1.26 , 0 , 11554
-1.26 , 0 , 11559
-1.26 , 0 , 11563
-1.26 , 0 , 11567
-1.26 , 0 , 11571
-1.26 , 0 , 11575
-1.26 , 0 , 11579
-1.26 , 0 , 11583
-1.26 , 0 , 11587
-1.26 , 0 , 11591
-1.26 , 0 , 11595
-1.26 , 0 , 11599
-1.26 , 0 , 11603
-1.26 , 0 , 11607
-1.26 , 0 , 11611
-1.26 , 0 , 11615
-1.26 , 0 , 11619
-1.26 , 0 , 11623
-1.26 , 0 , 11627
-1.26 , 0 , 11631
-1.26 , 0 , 11635
-1.26 , 0 , 11639
-1.26 , 0 , 11643
-1.26 , 0 , 11648
-1.26 , 0 , 11652
-1.26 , 0 , 11656
-1.26 , 0 , 11660
-1.26 , 0 , 11664
-1.26 , 0 , 11668
-1.26 , 0 , 11672
-1.26 , 0 , 11676
-1.26 , 0 , 11680
-1.26 , 0 , 11684
-1.26 , 0 , 11688
-1.26 , 0 , 11692
-1.26 , 0 , 11696
-1.26 , 0 , 11700
-1.26 , 0 , 11704
-1.26 , 0 , 11708
-1.26 , 0 , 11712
-1.26 , 0 , 11716
-1.26 , 0 , 11720
-1.26 , 0 , 11724
-1.26 , 0 , 11728
-1.26 , 0 , 11732
-1.26 , 0 , 11736
-1.26 , 0 , 11740
-1.26 , 0 , 11744
-1.26 , 0 , 11748
-1.26 , 0 , 11752
-1.26 , 0 , 11756
-1.26 , 0 , 11760
-1.26 , 0 , 11764
-1.26 , 0 , 11768
-1.26 , 0 , 11772
-1.26 , 0 , 11776
-1.26 , 0 , 11780
-1.26 , 0 , 11784
-1.26 , 0 , 11788
-1.26 , 0 , 11792
-1.26 , 0 , 11796
-1.26 , 0 , 11800
-1.26 , 0 , 11804
-1.26 , 0 , 11808
-1.26 , 0 , 11812
-1.26 , 0 , 11816
-1.26 , 0 , 11820
-1.26 , 0 , 11824
-1.26 , 0 , 11828
-1.26 , 0 , 11832
-1.26 , 0 , 11836
-1.26 , 0 , 11840
-1.26 , 0 , 11844
-1.26 , 0 , 11848
-1.26 , 0 , 11852
-1.26 , 0 , 11856
-1.26 , 0 , 11860
-1.26 , 0 , 11864
-1.26 , 0 , 11868
-1.26 , 0 , 11872
-1.26 , 0 , 11876
-1.26 , 0 , 11880
-1.26 , 0 , 11884
-1.26 , 0 , 11888
-1.26 , 0 , 11892
-1.26 , 0 , 11896
-1.26 , 0 , 11900
-1.26 , 0 , 11904
-1.26 , 0 , 11908
-1.26 , 0 , 11912
-1.26 , 0 , 11916
-1.26 , 0 , 11920
-1.26 , 0 , 11924
-1.26 , 0 , 11928
-1.26 , 0 , 11932
-1.26 , 0 , 11936
-1.26 , 0 , 11940
-1.26 , 0 , 11944
-1.26 , 0 , 11948
-1.26 , 0 , 11952
-1.26 , 0 , 11956
-1.26 , 0 , 11960
-1.26 , 0 , 11964
-1.26 , 0 , 11968
-1.26 , 0 , 11972
-1.26 , 0 , 11976
-1.26 , 0 , 11980
-1.26 , 0 , 11984
-1.26 , 0 , 11988
-1.26 , 0 , 11992
-1.26 , 0 , 11996
-1.26 , 0 , 12000
-1.26 , 0 , 12004
-1.26 , 0 , 12008
-1.26 , 0 , 12012
-1.26 , 0 , 12016
-1.26 , 0 , 12020
-1.26 , 0 , 12024
-1.26 , 0 , 12028
-1.26 , 0 , 12032
-1.26 , 0 , 12036
-1.26 , 0 , 12040
-1.26 , 0 , 12044
-1.26 , 0 , 12048
-1.26 , 0 , 12052
-1.26 , 0 , 12056
-1.26 , 0 , 12060
-1.26 , 0 , 12064
-1.26 , 0 , 12068
-1.26 , 0 , 12072
-1.26 , 0 , 12076
-1.26 , 0 , 12080
-1.26 , 0 , 12084
-1.26 , 0 , 12088
-1.26 , 0 , 12092
-1.26 , 0 , 12096
-1.26 , 0 , 12100
-1.26 , 0 , 12104
-1.26 , 0 , 12108
-1.26 , 0 , 12112
-1.26 , 0 , 12116
-1.26 , 0 , 12120
-1.26 , 0 , 12124
-1.26 , 0 , 12128
-1.26 , 0 , 12132
-1.26 , 0 , 12136
-1.26 , 0 , 12140
-1.26 , 0 , 12144
-1.26 , 0 , 12148
-1.26 , 0 , 12152
-1.26 , 0 , 12156
-1.26 , 0 , 12160
-1.26 , 0 , 12164
-1.26 , 0 , 12168
-1.26 , 0 , 12172
-1.26 , 0 , 12176
-1.26 , 0 , 12180
-1.26 , 0 , 12184
-1.26 , 0 , 12188
-1.26 , 0 , 12192
-1.26 , 0 , 12196
-1.26 , 0 , 12200
-1.26 , 0 , 12204
-1.26 , 0 , 12208
-1.26 , 0 , 12212
-1.26 , 0 , 12216
-1.26 , 0 , 12220
-1.26 , 0 , 12224
-1.26 , 0 , 12228
-1.26 , 0 , 12232
-1.26 , 0 , 12236
-1.26 , 0 , 12240
-1.26 , 0 , 12244
-1.26 , 0 , 12248
-1.26 , 0 , 12252
-1.26 , 0 , 12256
-1.26 , 0 , 12260
-1.26 , 0 , 12264
-1.26 , 0 , 12268
-1.26 , 0 , 12272
-1.26 , 0 , 12276
-1.26 , 0 , 12280
-1.26 , 0 , 12284
-1.26 , 0 , 12288
-1.26 , 0 , 12292
-1.26 , 0 , 12296
-1.26 , 0 , 12300
-1.26 , 0 , 12304
-1.26 , 0 , 12308
-1.26 , 0 , 12312
-1.26 , 0 , 12316
-1.26 , 0 , 12320
-1.26 , 0 , 12324
-1.26 , 0 , 12328
-1.26 , 0 , 12332
-1.26 , 0 , 12336
-1.26 , 0 , 12340
-1.26 , 0 , 12344
-1.26 , 0 , 12348
-1.26 , 0 , 12352
-1.26 , 0 , 12356
-1.26 , 0 , 12360
-1.26 , 0 , 12364
-1.26 , 0 , 12368
-1.26 , 0 , 12372
-1.26 , 0 , 12376
-1.26 , 0 , 12380
-1.26 , 0 , 12384
-1.26 , 0 , 12388
-1.26 , 0 , 12392
-1.26 , 0 , 12396
-1.26 , 0 , 12400
-1.26 , 0 , 12404
-1.26 , 0 , 12408
-1.26 , 0 , 12412
-1.26 , 0 , 12416
-1.26 , 0 , 12420
-1.26 , 0 , 12424
-1.26 , 0 , 12428
-1.26 , 0 , 12432
-1.26 , 0 , 12436
-1.26 , 0 , 12440
-1.26 , 0 , 12444
-1.26 , 0 , 12448
-1.26 , 0 , 12452
-1.26 , 0 , 12456
-1.26 , 0 , 12460
-1.26 , 0 , 12464
-1.26 , 0 , 12468
-1.26 , 0 , 12472
-1.26 , 0 , 12476
-1.26 , 0 , 12480
-1.26 , 0 , 12484
-1.26 , 0 , 12488
-1.26 , 0 , 12492
-1.26 , 0 , 12496
-1.26 , 0 , 12500
-1.26 , 0 , 12504
-1.26 , 0 , 12508
-1.26 , 0 , 12512
-1.26 , 0 , 12516
-1.26 , 0 , 12520
-1.26 , 0 , 12524
-1.26 , 0 , 12528
-1.26 , 0 , 12532
-1.26 , 0 , 12536
-1.26 , 0 , 12540
-1.26 , 0 , 12544
-1.26 , 0 , 12548
-1.26 , 0 , 12552
-1.26 , 0 , 12556
-1.26 , 0 , 12560
-1.26 , 0 , 12564
-1.26 , 0 , 12568
-1.26 , 0 , 12572
-1.26 , 0 , 12576
-1.26 , 0 , 12580
-1.26 , 0 , 12584
-1.26 , 0 , 12588
-1.26 , 0 , 12592
-1.26 , 0 , 12596
-1.26 , 0 , 12600
-1.26 , 0 , 12604
-1.26 , 0 , 12608
-1.26 , 0 , 12612
-1.26 , 0 , 12616
-1.26 , 0 , 12620
-1.26 , 0 , 12624
-1.26 , 0 , 12628
-1.26 , 0 , 12632
-1.26 , 0 , 12636
-1.26 , 0 , 12640
-1.26 , 0 , 12644
-1.26 , 0 , 12648
-1.26 , 0 , 12652
-1.26 , 0 , 12656
-1.26 , 0 , 12660
-1.26 , 0 , 12664
-1.26 , 0 , 12668
-1.26 , 0 , 12672
-1.26 , 0 , 12676
-1.26 , 0 , 12680
-1.26 , 0 , 12684
-1.26 , 0 , 12688
-1.26 , 0 , 12692
-1.26 , 0 , 12696
-1.26 , 0 , 12700
-1.26 , 0 , 12704
-1.26 , 0 , 12708
-1.26 , 0 , 12712
-1.26 , 0 , 12716
-1.26 , 0 , 12720
-1.26 , 0 , 12724
-1.26 , 0 , 12728
-1.26 , 0 , 12732
-1.26 , 0 , 12736
-1.26 , 0 , 12740
-1.26 , 0 , 12744
-1.26 , 0 , 12748
-1.26 , 0 , 12752
-1.26 , 0 , 12756
-1.26 , 0 , 12760
-1.26 , 0 , 12764
-1.26 , 0 , 12768
-1.26 , 0 , 12772
-1.26 , 0 , 12776
-1.26 , 0 , 12780
-1.26 , 0 , 12784
-1.26 , 0 , 12788
-1.26 , 0 , 12792
-1.26 , 0 , 12796
-1.26 , 0 , 12800
-1.26 , 0 , 12804
-1.26 , 0 , 12808
-1.26 , 0 , 12812
-1.26 , 0 , 12816
-1.26 , 0 , 12820
-1.26 , 0 , 12824
-1.26 , 0 , 12828
-1.26 , 0 , 12832
-1.26 , 0 , 12836
-1.26 , 0 , 12840
-1.26 , 0 , 12844
-1.26 , 0 , 12848
-1.26 , 0 , 12852
-1.26 , 0 , 12856
-1.26 , 0 , 12860
-1.26 , 0 , 12864
-1.26 , 0 , 12868
-1.26 , 0 , 12872
-1.26 , 0 , 12876
-1.26 , 0 , 12880
-1.26 , 0 , 12884
-1.26 , 0 , 12888
-1.26 , 0 , 12892
-1.26 , 0 , 12896
-1.26 , 0 , 12900
-1.26 , 0 , 12904
-1.26 , 0 , 12908
-1.26 , 0 , 12912
-1.26 , 0 , 12916
-1.26 , 0 , 12920
-1.26 , 0 , 12924
-1.26 , 0 , 12928
-1.26 , 0 , 12932
-1.26 , 0 , 12936
-1.26 , 0 , 12940
-1.26 , 0 , 12944
-1.26 , 0 , 12948
-1.26 , 0 , 12952
-1.26 , 0 , 12956
-1.26 , 0 , 12960
-1.26 , 0 , 12964
-1.26 , 0 , 12968
-1.26 , 0 , 12972
-1.26 , 0 , 12976
-1.26 , 0 , 12980
-1.26 , 0 , 12984
-1.26 , 0 , 12988
-1.26 , 0 , 12992
-1.26 , 0 , 12996
-1.26 , 0 , 13000
-1.26 , 0 , 13004
-1.26 , 0 , 13008
-1.26 , 0 , 13012
-1.26 , 0 , 13016
-1.26 , 0 , 13020
-1.26 , 0 , 13024
-1.26 , 0 , 13028
-1.26 , 0 , 13032
-1.26 , 0 , 13036
-1.26 , 0 , 13040
-1.26 , 0 , 13044
-1.26 , 0 , 13048
-1.26 , 0 , 13052
-1.26 , 0 , 13056
-1.26 , 0 , 13060
-1.26 , 0 , 13064
-1.26 , 0 , 13068
-1.26 , 0 , 13072
-1.26 , 0 , 13076
-1.26 , 0 , 13080
-1.26 , 0 , 13084
-1.26 , 0 , 13088
-1.26 , 0 , 13092
-1.26 , 0 , 13096
-1.26 , 0 , 13100
-1.26 , 0 , 13104
-1.26 , 0 , 13108
-1.26 , 0 , 13112
-1.26 , 0 , 13116
-1.26 , 0 , 13120
-1.26 , 0 , 13124
-1.26 , 0 , 13128
-1.26 , 0 , 13132
-1.26 , 0 , 13136
-1.26 , 0 , 13140
-1.26 , 0 , 13144
-1.26 , 0 , 13148
-1.26 , 0 , 13152
-1.26 , 0 , 13156
-1.26 , 0 , 13160
-1.26 , 0 , 13164
-1.26 , 0 , 13168
-1.26 , 0 , 13172
-1.26 , 0 , 13176
-1.26 , 0 , 13180
-1.26 , 0 , 13184
-1.26 , 0 , 13188
-1.26 , 0 , 13192
-1.26 , 0 , 13196
-1.26 , 0 , 13200
-1.26 , 0 , 13204
-1.26 , 0 , 13208
-1.26 , 0 , 13212
-1.26 , 0 , 13216
-1.26 , 0 , 13220
-1.26 , 0 , 13224
-1.26 , 0 , 13228
-1.26 , 0 , 13232
-1.26 , 0 , 13236
-1.26 , 0 , 13240
-1.26 , 0 , 13244
-1.26 , 0 , 13248
-1.26 , 0 , 13252
-1.26 , 0 , 13256
-1.26 , 0 , 13260
-1.26 , 0 , 13264
-1.26 , 0 , 13268
-1.26 , 0 , 13272
-1.26 , 0 , 13276
-1.26 , 0 , 13280
-1.26 , 0 , 13284
-1.26 , 0 , 13288
-1.26 , 0 , 13292
-1.26 , 0 , 13296
-1.26 , 0 , 13300
-1.26 , 0 , 13304
-1.26 , 0 , 13308
-1.26 , 0 , 13312
-1.26 , 0 , 13316
-1.26 , 0 , 13320
-1.26 , 0 , 13324
-1.26 , 0 , 13328
-1.26 , 0 , 13332
-1.26 , 0 , 13336
-1.26 , 0 , 13340
-1.26 , 0 , 13344
-1.26 , 0 , 13348
-1.26 , 0 , 13352
-1.26 , 0 , 13356
-1.26 , 0 , 13360
-1.26 , 0 , 13364
-1.26 , 0 , 13368
-1.26 , 0 , 13372
-1.26 , 0 , 13376
-1.26 , 0 , 13380
-1.26 , 0 , 13384
-1.26 , 0 , 13388
-1.26 , 0 , 13392
-1.26 , 0 , 13396
-1.26 , 0 , 13400
-1.26 , 0 , 13404
-1.26 , 0 , 13408
-1.26 , 0 , 13412
-1.26 , 0 , 13416
-1.26 , 0 , 13420
-1.26 , 0 , 13424
-1.26 , 0 , 13428
-1.26 , 0 , 13432
-1.26 , 0 , 13436
-1.26 , 0 , 13440
-1.26 , 0 , 13444
-1.26 , 0 , 13448
-1.26 , 0 , 13452
-1.26 , 0 , 13456
-1.26 , 0 , 13460
-1.26 , 0 , 13464
-1.26 , 0 , 13468
-1.26 , 0 , 13472
-1.26 , 0 , 13476
-1.26 , 0 , 13480
-1.26 , 0 , 13484
-1.26 , 0 , 13488
-1.26 , 0 , 13492
-1.26 , 0 , 13496
-1.26 , 0 , 13500
-1.26 , 0 , 13504
-1.26 , 0 , 13508
-1.26 , 0 , 13512
-1.26 , 0 , 13516
-1.26 , 0 , 13520
-1.26 , 0 , 13524
-1.26 , 0 , 13528
-1.26 , 0 , 13532
-1.26 , 0 , 13536
-1.26 , 0 , 13540
-1.26 , 0 , 13544
-1.26 , 0 , 13548
-1.26 , 0 , 13552
-1.26 , 0 , 13556
-1.26 , 0 , 13560
-1.26 , 0 , 13564
-1.26 , 0 , 13568
-1.26 , 0 , 13572
-1.26 , 0 , 13576
-1.26 , 0 , 13580
-1.26 , 0 , 13584
-1.26 , 0 , 13588
-1.26 , 0 , 13592
-1.26 , 0 , 13596
-1.26 , 0 , 13600
-1.26 , 0 , 13604
-1.26 , 0 , 13608
-1.26 , 0 , 13612
-1.26 , 0 , 13616
-1.26 , 0 , 13620
-1.26 , 0 , 13624
-1.26 , 0 , 13628
-1.26 , 0 , 13632
-1.26 , 0 , 13636
-1.26 , 0 , 13640
-1.26 , 0 , 13644
-1.26 , 0 , 13648
-1.26 , 0 , 13652
-1.26 , 0 , 13656
-1.26 , 0 , 13660
-1.26 , 0 , 13664
-1.26 , 0 , 13668
-1.26 , 0 , 13672
-1.26 , 0 , 13676
-1.26 , 0 , 13680
-1.26 , 0 , 13684
-1.26 , 0 , 13688
-1.26 , 0 , 13692
-1.26 , 0 , 13696
-1.26 , 0 , 13700
-1.26 , 0 , 13704
-1.26 , 0 , 13708
-1.26 , 0 , 13712
-1.26 , 0 , 13716
-1.26 , 0 , 13720
-1.26 , 0 , 13724
-1.26 , 0 , 13728
-1.26 , 0 , 13732
-1.26 , 0 , 13736
-1.26 , 0 , 13740
-1.26 , 0 , 13744
-1.26 , 0 , 13748
-1.26 , 0 , 13752
-1.26 , 0 , 13756
-1.26 , 0 , 13760
-1.26 , 0 , 13764
-1.26 , 0 , 13768
-1.26 , 0 , 13772
-1.26 , 0 , 13776
-1.26 , 0 , 13780
-1.26 , 0 , 13784
-1.26 , 0 , 13788
-1.26 , 0 , 13792
-1.26 , 0 , 13796
-1.26 , 0 , 13800
-1.26 , 0 , 13804
-1.26 , 0 , 13808
-1.26 , 0 , 13812
-1.26 , 0 , 13816
-1.26 , 0 , 13820
-1.26 , 0 , 13824
-1.26 , 0 , 13828
-1.26 , 0 , 13832
-1.26 , 0 , 13836
-1.26 , 0 , 13840
-1.26 , 0 , 13844
-1.26 , 0 , 13848
-1.26 , 0 , 13852
-1.26 , 0 , 13856
-1.26 , 0 , 13860
-1.26 , 0 , 13864
-1.26 , 0 , 13868
-1.26 , 0 , 13872
-1.26 , 0 , 13876
-1.26 , 0 , 13880
-1.26 , 0 , 13884
-1.26 , 0 , 13888
-1.26 , 0 , 13892
-1.26 , 0 , 13896
-1.26 , 0 , 13900
-1.26 , 0 , 13904
-1.26 , 0 , 13908
-1.26 , 0 , 13912
-1.26 , 0 , 13916
-1.26 , 0 , 13920
-1.26 , 0 , 13924
-1.26 , 0 , 13928
-1.26 , 0 , 13932
-1.26 , 0 , 13936
-1.26 , 0 , 13940
-1.26 , 0 , 13944
-1.26 , 0 , 13948
-1.26 , 0 , 13952
-1.26 , 0 , 13956
-1.26 , 0 , 13960
-1.26 , 0 , 13964
-1.26 , 0 , 13968
-1.26 , 0 , 13972
-1.26 , 0 , 13976
-1.26 , 0 , 13980
-1.26 , 0 , 13984
-1.26 , 0 , 13988
-1.26 , 0 , 13992
-1.26 , 0 , 13996
-1.26 , 0 , 14000
-1.26 , 0 , 14004
-1.26 , 0 , 14008
-1.26 , 0 , 14012
-1.26 , 0 , 14016
-1.26 , 0 , 14020
-1.26 , 0 , 14024
-1.26 , 0 , 14028
-1.26 , 0 , 14032
-1.26 , 0 , 14036
-1.26 , 0 , 14040
-1.26 , 0 , 14044
-1.26 , 0 , 14048
-1.26 , 0 , 14052
-1.26 , 0 , 14056
-1.26 , 0 , 14060
-1.26 , 0 , 14064
-1.26 , 0 , 14068
-1.26 , 0 , 14072
-1.26 , 0 , 14076
-1.26 , 0 , 14080
-1.26 , 0 , 14084
-1.26 , 0 , 14088
-1.26 , 0 , 14092
-1.26 , 0 , 14096
-1.26 , 0 , 14100
-1.26 , 0 , 14104
-1.26 , 0 , 14108
-1.26 , 0 , 14112
-1.26 , 0 , 14116
-1.26 , 0 , 14120
-1.26 , 0 , 14124
-1.26 , 0 , 14128
-1.26 , 0 , 14132
-1.26 , 0 , 14136
-1.26 , 0 , 14140
-1.26 , 0 , 14144
-1.26 , 0 , 14148
-1.26 , 0 , 14152
-1.26 , 0 , 14156
-1.26 , 0 , 14160
-1.26 , 0 , 14164
-1.26 , 0 , 14168
-1.26 , 0 , 14172
-1.26 , 0 , 14176
-1.26 , 0 , 14180
-1.26 , 0 , 14184
-1.26 , 0 , 14188
-1.26 , 0 , 14192
-1.26 , 0 , 14196
-1.26 , 0 , 14200
-1.26 , 0 , 14204
-1.26 , 0 , 14208
-1.26 , 0 , 14212
-1.26 , 0 , 14216
-1.26 , 0 , 14220
-1.26 , 0 , 14224
-1.26 , 0 , 14228
-1.26 , 0 , 14232
-1.26 , 0 , 14236
-1.26 , 0 , 14240
-1.26 , 0 , 14244
-1.26 , 0 , 14248
-1.26 , 0 , 14252
-1.26 , 0 , 14256
-1.26 , 0 , 14260
-1.26 , 0 , 14264
-1.26 , 0 , 14268
-1.26 , 0 , 14272
-1.26 , 0 , 14276
-1.26 , 0 , 14280
-1.26 , 0 , 14284
-1.26 , 0 , 14288
-1.26 , 0 , 14292
-1.26 , 0 , 14296
-1.26 , 0 , 14300
-1.26 , 0 , 14304
-1.26 , 0 , 14308
-1.26 , 0 , 14312
-1.26 , 0 , 14316
-1.26 , 0 , 14320
-1.26 , 0 , 14324
-1.26 , 0 , 14328
-1.26 , 0 , 14332
-1.26 , 0 , 14336
-1.26 , 0 , 14340
-1.26 , 0 , 14344
-1.26 , 0 , 14348
-1.26 , 0 , 14352
-1.26 , 0 , 14356
-1.26 , 0 , 14360
-1.26 , 0 , 14364
-1.26 , 0 , 14368
-1.26 , 0 , 14372
-1.26 , 0 , 14376
-1.26 , 0 , 14380
-1.26 , 0 , 14384
-1.26 , 0 , 14388
-1.26 , 0 , 14392
-1.26 , 0 , 14396
-1.26 , 0 , 14400
-1.26 , 0 , 14404
-1.26 , 0 , 14408
-1.26 , 0 , 14412
-1.26 , 0 , 14416
-1.26 , 0 , 14420
-1.26 , 0 , 14424
-1.26 , 0 , 14428
-1.26 , 0 , 14432
-1.26 , 0 , 14436
-1.26 , 0 , 14440
-1.26 , 0 , 14444
-1.26 , 0 , 14448
-1.26 , 0 , 14452
-1.26 , 0 , 14456
-1.26 , 0 , 14460
-1.26 , 0 , 14464
-1.26 , 0 , 14468
-1.26 , 0 , 14472
-1.26 , 0 , 14476
-1.26 , 0 , 14480
-1.26 , 0 , 14484
-1.26 , 0 , 14488
-1.26 , 0 , 14492
-1.26 , 0 , 14496
-1.26 , 0 , 14500
-1.26 , 0 , 14504
-1.26 , 0 , 14508
-1.26 , 0 , 14512
-1.26 , 0 , 14516
-1.26 , 0 , 14520
-1.26 , 0 , 14524
-1.26 , 0 , 14528
-1.26 , 0 , 14532
-1.26 , 0 , 14536
-1.26 , 0 , 14540
-1.26 , 0 , 14544
-1.26 , 0 , 14548
-1.26 , 0 , 14552
-1.26 , 0 , 14556
-1.26 , 0 , 14560
-1.26 , 0 , 14564
-1.26 , 0 , 14568
-1.26 , 0 , 14572
-1.26 , 0 , 14576
-1.26 , 0 , 14580
-1.26 , 0 , 14584
-1.26 , 0 , 14588
-1.26 , 0 , 14592
-1.26 , 0 , 14596
-1.26 , 0 , 14600
-1.26 , 0 , 14604
-1.26 , 0 , 14608
-1.26 , 0 , 14612
-1.26 , 0 , 14616
-1.26 , 0 , 14620
-1.26 , 0 , 14624
-1.26 , 0 , 14628
-1.26 , 0 , 14632
-1.26 , 0 , 14636
-1.26 , 0 , 14640
-1.26 , 0 , 14644
-1.26 , 0 , 14648
-1.26 , 0 , 14652
-1.26 , 0 , 14656
-1.26 , 0 , 14660
-1.26 , 0 , 14664
-1.26 , 0 , 14668
-1.26 , 0 , 14672
-1.26 , 0 , 14676
-1.26 , 0 , 14680
-1.26 , 0 , 14684
-1.26 , 0 , 14688
-1.26 , 0 , 14692
-1.26 , 0 , 14696
-1.26 , 0 , 14700
-1.26 , 0 , 14704
-1.26 , 0 , 14708
-1.26 , 0 , 14712
-1.26 , 0 , 14716
-1.26 , 0 , 14720
-1.26 , 0 , 14724
-1.26 , 0 , 14728
-1.26 , 0 , 14732
-1.26 , 0 , 14736
-1.26 , 0 , 14740
-1.26 , 0 , 14744
-1.26 , 0 , 14748
-1.26 , 0 , 14752
-1.26 , 0 , 14756
-1.26 , 0 , 14760
-1.26 , 0 , 14764
-1.26 , 0 , 14768
-1.26 , 0 , 14772
-1.26 , 0 , 14776
-1.26 , 0 , 14780
-1.26 , 0 , 14784
-1.26 , 0 , 14788
-1.26 , 0 , 14792
-1.26 , 0 , 14796
-1.26 , 0 , 14800
-1.26 , 0 , 14804
-1.26 , 0 , 14808
-1.26 , 0 , 14812
-1.26 , 0 , 14816
-1.26 , 0 , 14820
-1.26 , 0 , 14824
-1.26 , 0 , 14828
-1.26 , 0 , 14832
-1.26 , 0 , 14836
-1.26 , 0 , 14840
-1.26 , 0 , 14844
-1.26 , 0 , 14848
-1.26 , 0 , 14852
-1.26 , 0 , 14856
-1.26 , 0 , 14860
-1.26 , 0 , 14864
-1.26 , 0 , 14868
-1.26 , 0 , 14872
-1.26 , 0 , 14876
-1.26 , 0 , 14880
-1.26 , 0 , 14884
-1.26 , 0 , 14888
-1.26 , 0 , 14892
-1.26 , 0 , 14896
-1.26 , 0 , 14900
-1.26 , 0 , 14904
-1.26 , 0 , 14908
-1.26 , 0 , 14912
-1.26 , 0 , 14916
-1.26 , 0 , 14920
-1.26 , 0 , 14924
-1.26 , 0 , 14928
-1.26 , 0 , 14932
-1.26 , 0 , 14936
-1.26 , 0 , 14940
-1.26 , 0 , 14944
-1.26 , 0 , 14948
-1.26 , 0 , 14952
-1.26 , 0 , 14956
-1.26 , 0 , 14960
-1.26 , 0 , 14964
-1.26 , 0 , 14968
-1.26 , 0 , 14972
-1.26 , 0 , 14976
-1.26 , 0 , 14980
-1.26 , 0 , 14984
-1.26 , 0 , 14988
-1.26 , 0 , 14992
-1.26 , 0 , 14996
-1.26 , 0 , 15000
-1.26 , 0 , 15004
-1.26 , 0 , 15008
-1.26 , 0 , 15012
-1.26 , 0 , 15016
-1.26 , 0 , 15020
-1.26 , 0 , 15024
-1.26 , 0 , 15028
-1.26 , 0 , 15032
-1.26 , 0 , 15036
-1.26 , 0 , 15040
-1.26 , 0 , 15044
-1.26 , 0 , 15048
-1.26 , 0 , 15052
-1.26 , 0 , 15056
-1.26 , 0 , 15060
-1.26 , 0 , 15064
-1.26 , 0 , 15068
-1.26 , 0 , 15072
-1.26 , 0 , 15076
-1.26 , 0 , 15080
-1.26 , 0 , 15084
-1.26 , 0 , 15088
-1.26 , 0 , 15092
-1.26 , 0 , 15096
-1.26 , 0 , 15100
-1.26 , 0 , 15104
-1.26 , 0 , 15108
-1.26 , 0 , 15112
-1.26 , 0 , 15116
-1.26 , 0 , 15120
-1.26 , 0 , 15124
-1.26 , 0 , 15128
-1.26 , 0 , 15132
-1.26 , 0 , 15136
-1.26 , 0 , 15140
-1.26 , 0 , 15144
-1.26 , 0 , 15148
-1.26 , 0 , 15152
-1.26 , 0 , 15156
-1.26 , 0 , 15160
-1.26 , 0 , 15164
-1.26 , 0 , 15168
-1.26 , 0 , 15172
-1.26 , 0 , 15176
-1.26 , 0 , 15180
-1.26 , 0 , 15184
-1.26 , 0 , 15188
-1.26 , 0 , 15192
-1.26 , 0 , 15196
-1.26 , 0 , 15200
-1.26 , 0 , 15204
-1.26 , 0 , 15208
-1.26 , 0 , 15212
-1.26 , 0 , 15216
-1.26 , 0 , 15220
-1.26 , 0 , 15224
-1.26 , 0 , 15228
-1.26 , 0 , 15232
-1.26 , 0 , 15236
