5.05 , 0 , 12152
-12
-8.84 , 0 , 27116
-8.84 , 0 , 27120
-8.84 , 0 , 27124
-8.84 , 0 , 27128
-8.84 , 0 , 27132
-8.84 , 0 , 27136
-8.84 , b⸮0.00 , 0 , 3002
0.00 , 0 , 3006
0.00 , 0 , 3011
0.00 , 0 , 3016
0.00 , 0 , 3021
0.00 , 0 , 3025
0.00 , 0 , 3031
0.00 , 0 , 3036
0.00 , 0 , 3040
0.00 , 0 , 3045
0.00 , 0 , 3050
0.00 , 0 , 3055
0.00 , 0 , 3059
0.00 , 0 , 3064
0.00 , 0 , 3069
0.00 , 0 , 3074
0.00 , 0 , 3079
0.00 , 0 , 3084
0.00 , 0 , 3088
0.00 , 0 , 3093
0.00 , 0 , 3098
0.00 , 0 , 3103
0.00 , 0 , 3107
0.00 , 0 , 3112
0.00 , 0 , 3118
0.00 , 0 , 3122
0.00 , 0 , 3127
0.00 , 0 , 3132
0.00 , 0 , 3137
0.00 , 0 , 3141
0.00 , 0 , 3146
0.00 , 0 , 3151
0.00 , 0 , 3155
0.00 , 0 , 3161
0.00 , 0 , 3166
0.00 , 0 , 3171
0.00 , 0 , 3175
0.00 , 0 , 3180
0.00 , 0 , 3185
0.00 , 0 , 3189
0.00 , 0 , 3194
0.00 , 0 , 3200
0.00 , 0 , 3204
0.00 , 0 , 3209
0.00 , 0 , 3214
0.00 , 0 , 3219
0.00 , 0 , 3223
0.00 , 0 , 3228
0.00 , 0 , 3233
0.00 , 0 , 3237
0.00 , 0 , 3243
0.00 , 0 , 3248
0.00 , 0 , 3253
0.00 , 0 , 3257
0.00 , 0 , 3262
0.00 , 0 , 3267
0.00 , 0 , 3271
0.00 , 0 , 3276
0.00 , 0 , 3281
0.00 , 0 , 3286
0.00 , 0 , 3291
0.00 , 0 , 3296
0.00 , 0 , 3301
0.00 , 0 , 3305
0.00 , 0 , 3310
0.00 , 0 , 3315
0.00 , 0 , 3319
0.00 , 0 , 3324
0.00 , 0 , 3330
0.00 , 0 , 3335
0.00 , 0 , 3339
0.00 , 0 , 3344
0.00 , 0 , 3349
0.00 , 0 , 3353
0.00 , 0 , 3358
0.00 , 0 , 3363
0.00 , 0 , 3367
0.00 , 0 , 3373
0.00 , 0 , 3378
0.00 , 0 , 3383
0.00 , 0 , 3387
0.00 , 0 , 3392
0.00 , 0 , 3397
0.00 , 0 , 3401
0.00 , 0 , 3406
0.00 , 0 , 3411
0.00 , 0 , 3417
0.00 , 0 , 3421
0.00 , 0 , 3426
0.00 , 0 , 3431
0.00 , 0 , 3435
0.00 , 0 , 3440
0.00 , 0 , 3445
0.00 , 0 , 3450
0.00 , 0 , 3454
0.00 , 0 , 3460
0.00 , 0 , 3465
0.00 , 0 , 3469
0.00 , 0 , 3474
0.00 , 0 , 3479
0.00 , 0 , 3483
0.00 , 0 , 3488
0.00 , 0 , 3493
0.00 , 0 , 3499
0.00 , 0 , 3503
0.00 , 0 , 3508
0.00 , 0 , 3513
0.00 , 0 , 3517
0.00 , 0 , 3522
0.00 , 0 , 3527
0.00 , 0 , 3532
0.00 , 0 , 3536
0.00 , 0 , 3542
0.00 , 0 , 3547
0.00 , 0 , 3551
0.00 , 0 , 3556
0.00 , 0 , 3561
0.00 , 0 , 3565
0.00 , 0 , 3570
0.00 , 0 , 3575
0.00 , 0 , 3580
0.00 , 0 , 3585
0.00 , 0 , 3590
0.00 , 0 , 3595
0.00 , 0 , 3599
0.00 , 0 , 3604
0.00 , 0 , 3609
0.00 , 0 , 3614
0.00 , 0 , 3618
0.00 , 0 , 3623
0.00 , 0 , 3629
0.00 , 0 , 3633
0.00 , 0 , 3638
0.00 , 0 , 3643
0.00 , 0 , 3648
0.00 , 0 , 3652
0.00 , 0 , 3657
0.00 , 0 , 3662
0.00 , 0 , 3666
0.00 , 0 , 3672
0.00 , 0 , 3677
0.00 , 0 , 3681
0.00 , 0 , 3686
0.00 , 0 , 3691
0.00 , 0 , 3696
0.00 , 0 , 3700
0.00 , 0 , 3705
0.00 , 0 , 3710
0.00 , 0 , 3715
0.00 , 0 , 3720
0.00 , 0 , 3725
0.00 , 0 , 3730
0.00 , 0 , 3734
0.00 , 0 , 3739
0.00 , 0 , 3744
0.00 , 0 , 3748
0.00 , 0 , 3753
0.00 , 0 , 3759
0.00 , 0 , 3763
0.00 , 0 , 3768
0.00 , 0 , 3773
0.00 , 0 , 3778
0.00 , 0 , 3782
0.00 , 0 , 3787
0.00 , 0 , 3792
0.00 , 0 , 3796
0.00 , 0 , 3802
0.00 , 0 , 3807
0.00 , 0 , 3812
0.00 , 0 , 3816
0.00 , 0 , 3821
0.00 , 0 , 3826
0.00 , 0 , 3830
0.00 , 0 , 3835
0.00 , 0 , 3841
0.00 , 0 , 3846
0.00 , 0 , 3850
0.00 , 0 , 3855
0.00 , 0 , 3860
0.00 , 0 , 3864
0.00 , 0 , 3869
0.00 , 0 , 3874
0.00 , 0 , 3878
0.00 , 0 , 3884
0.00 , 0 , 3889
0.00 , 0 , 3894
0.00 , 0 , 3898
0.00 , 0 , 3903
0.00 , 0 , 3908
0.00 , 0 , 3912
0.00 , 0 , 3917
0.00 , 0 , 3922
0.00 , 0 , 3928
0.00 , 0 , 3932
0.00 , 0 , 3937
0.00 , 0 , 3942
0.00 , 0 , 3946
0.00 , 0 , 3951
0.00 , 0 , 3956
0.00 , 0 , 3960
0.00 , 0 , 3965
0.00 , 0 , 3971
0.00 , 0 , 3976
0.00 , 0 , 3980
0.00 , 0 , 3985
0.00 , 0 , 3990
0.00 , 0 , 3994
0.00 , 0 , 3999
0.00 , 0 , 4004
0.00 , 0 , 4009
0.00 , 0 , 4014
0.00 , 0 , 4019
0.00 , 0 , 4024
0.00 , 0 , 4028
0.00 , 0 , 4033
0.00 , 0 , 4038
0.00 , 0 , 4043
0.00 , 0 , 4047
0.00 , 0 , 4052
0.00 , 0 , 4058
0.00 , 0 , 4062
0.00 , 0 , 4067
0.00 , 0 , 4072
0.00 , 0 , 4076
0.00 , 0 , 4081
0.00 , 0 , 4086
0.00 , 0 , 4091
0.00 , 0 , 4096
0.00 , 0 , 4101
0.00 , 0 , 4106
0.00 , 0 , 4110
0.00 , 0 , 4115
0.00 , 0 , 4120
0.00 , 0 , 4125
0.00 , 0 , 4129
0.00 , 0 , 4134
0.00 , 0 , 4140
0.00 , 0 , 4144
0.00 , 0 , 4149
0.00 , 0 , 4154
0.00 , 0 , 4158
0.00 , 0 , 4163
0.00 , 0 , 4168
0.00 , 0 , 4173
0.00 , 0 , 4177
0.00 , 0 , 4183
0.00 , 0 , 4188
0.00 , 0 , 4192
0.00 , 0 , 4197
0.00 , 0 , 4202
0.00 , 0 , 4207
0.00 , 0 , 4211
0.00 , 0 , 4216
0.00 , 0 , 4221
0.00 , 0 , 4226
0.00 , 0 , 4231
0.00 , 0 , 4236
0.00 , 0 , 4241
0.00 , 0 , 4245
0.00 , 0 , 4250
0.00 , 0 , 4255
0.00 , 0 , 4259
0.00 , 0 , 4264
0.00 , 0 , 4270
0.00 , 0 , 4274
0.00 , 0 , 4279
0.00 , 0 , 4284
0.00 , 0 , 4289
0.00 , 0 , 4293
0.00 , 0 , 4298
0.00 , 0 , 4303
0.00 , 0 , 4307
0.00 , 0 , 4313
0.00 , 0 , 4318
0.00 , 0 , 4323
0.00 , 0 , 4327
0.00 , 0 , 4332
0.00 , 0 , 4337
0.00 , 0 , 4341
0.00 , 0 , 4346
0.00 , 0 , 4352
0.00 , 0 , 4356
0.00 , 0 , 4361
0.00 , 0 , 4366
0.00 , 0 , 4371
0.00 , 0 , 4375
0.00 , 0 , 4380
0.00 , 0 , 4385
0.00 , 0 , 4389
0.00 , 0 , 4395
0.00 , 0 , 4400
0.00 , 0 , 4405
0.00 , 0 , 4409
0.00 , 0 , 4414
0.00 , 0 , 4419
0.00 , 0 , 4423
0.00 , 0 , 4428
0.00 , 0 , 4433
0.00 , 0 , 4439
0.00 , 0 , 4443
0.00 , 0 , 4448
0.00 , 0 , 4453
0.00 , 0 , 4457
0.00 , 0 , 4462
0.00 , 0 , 4467
0.00 , 0 , 4471
0.00 , 0 , 4476
0.00 , 0 , 4482
0.00 , 0 , 4487
0.00 , 0 , 4491
0.00 , 0 , 4496
0.00 , 0 , 4501
0.00 , 0 , 4505
0.00 , 0 , 4510
0.00 , 0 , 4515
0.00 , 0 , 4520
0.00 , 0 , 4525
0.00 , 0 , 4530
0.00 , 0 , 4535
0.00 , 0 , 4539
0.00 , 0 , 4544
0.00 , 0 , 4549
0.00 , 0 , 4553
0.00 , 0 , 4558
0.00 , 0 , 4563
0.00 , 0 , 4569
0.00 , 0 , 4573
0.00 , 0 , 4578
0.00 , 0 , 4583
0.00 , 0 , 4587
0.00 , 0 , 4592
0.00 , 0 , 4597
0.00 , 0 , 4602
0.00 , 0 , 4606
0.00 , 0 , 4612
0.00 , 0 , 4617
0.00 , 0 , 4621
0.00 , 0 , 4626
0.00 , 0 , 4631
0.00 , 0 , 4636
0.00 , 0 , 4640
0.00 , 0 , 4645
0.00 , 0 , 4651
0.00 , 0 , 4655
0.00 , 0 , 4660
0.00 , 0 , 4665
0.00 , 0 , 4669
0.00 , 0 , 4674
0.00 , 0 , 4679
0.00 , 0 , 4684
0.00 , 0 , 4688
0.00 , 0 , 4694
0.00 , 0 , 4699
0.00 , 0 , 4703
0.00 , 0 , 4708
0.00 , 0 , 4713
0.00 , 0 , 4718
0.00 , 0 , 4722
0.00 , 0 , 4727
0.00 , 0 , 4732
0.00 , 0 , 4737
0.00 , 0 , 4742
0.00 , 0 , 4747
0.00 , 0 , 4752
0.00 , 0 , 4756
0.00 , 0 , 4761
0.00 , 0 , 4766
0.00 , 0 , 4770
0.00 , 0 , 4775
0.00 , 0 , 4781
0.00 , 0 , 4785
0.00 , 0 , 4790
0.00 , 0 , 4795
0.00 , 0 , 4800
0.00 , 0 , 4804
0.00 , 0 , 4809
0.00 , 0 , 4814
0.00 , 0 , 4818
0.00 , 0 , 4824
0.00 , 0 , 4829
0.00 , 0 , 4834
0.00 , 0 , 4838
0.00 , 0 , 4843
0.00 , 0 , 4848
0.00 , 0 , 4852
0.00 , 0 , 4857
0.00 , 0 , 4862
0.00 , 0 , 4867
0.00 , 0 , 4872
0.00 , 0 , 4877
0.00 , 0 , 4882
0.00 , 0 , 4886
0.00 , 0 , 4891
0.00 , 0 , 4896
0.00 , 0 , 4900
0.00 , 0 , 4905
0.00 , 0 , 4911
0.00 , 0 , 4916
0.00 , 0 , 4920
0.00 , 0 , 4925
0.00 , 0 , 4930
0.00 , 0 , 4934
0.00 , 0 , 4939
0.00 , 0 , 4944
0.00 , 0 , 4950
0.00 , 0 , 4954
0.00 , 0 , 4959
0.00 , 0 , 4964
0.00 , 0 , 4968
0.00 , 0 , 4973
0.00 , 0 , 4978
0.00 , 0 , 4982
0.00 , 0 , 4987
0.00 , 0 , 4993
0.00 , 0 , 4998
0.00 , 0 , 5002
0.00 , 0 , 5007
0.00 , 0 , 5012
0.00 , 0 , 5016
0.00 , 0 , 5021
0.00 , 0 , 5026
0.00 , 0 , 5031
0.00 , 0 , 5036
0.00 , 0 , 5041
0.00 , 0 , 5046
0.00 , 0 , 5050
0.00 , 0 , 5055
0.00 , 0 , 5060
0.00 , 0 , 5064
0.00 , 0 , 5069
0.00 , 0 , 5074
0.00 , 0 , 5080
0.00 , 0 , 5084
0.00 , 0 , 5089
0.00 , 0 , 5094
0.00 , 0 , 5098
0.00 , 0 , 5103
0.00 , 0 , 5108
0.00 , 0 , 5113
0.00 , 0 , 5117
0.00 , 0 , 5121
0.00 , 0 , 5126
0.00 , 0 , 5130
0.00 , 0 , 5135
0.00 , 0 , 5140
0.00 , 0 , 5145
0.00 , 0 , 5149
0.00 , 0 , 5154
0.00 , 0 , 5159
0.00 , 0 , 5164
0.00 , 0 , 5169
0.00 , 0 , 5174
0.00 , 0 , 5178
0.00 , 0 , 5183
0.00 , 0 , 5188
0.00 , 0 , 5193
0.00 , 0 , 5197
0.00 , 0 , 5202
0.00 , 0 , 5208
0.00 , 0 , 5212
0.00 , 0 , 5217
0.00 , 0 , 5222
0.00 , 0 , 5227
0.00 , 0 , 5231
0.00 , 0 , 5236
0.00 , 0 , 5241
0.00 , 0 , 5245
0.00 , 0 , 5251
0.00 , 0 , 5256
0.00 , 0 , 5260
0.00 , 0 , 5265
0.00 , 0 , 5270
0.00 , 0 , 5275
0.00 , 0 , 5279
0.00 , 0 , 5284
0.00 , 0 , 5289
0.00 , 0 , 5294
0.00 , 0 , 5299
0.00 , 0 , 5304
0.00 , 0 , 5309
0.00 , 0 , 5313
0.00 , 0 , 5318
0.00 , 0 , 5323
0.00 , 0 , 5327
0.00 , 0 , 5332
0.00 , 0 , 5338
0.00 , 0 , 5342
0.00 , 0 , 5347
0.00 , 0 , 5352
0.00 , 0 , 5357
0.00 , 0 , 5361
0.00 , 0 , 5366
0.00 , 0 , 5371
0.00 , 0 , 5376
0.00 , 0 , 5381
0.00 , 0 , 5386
0.00 , 0 , 5391
0.00 , 0 , 5395
0.00 , 0 , 5400
0.00 , 0 , 5405
0.00 , 0 , 5409
0.00 , 200 , 5414
0.00 , 200 , 5420
0.00 , 200 , 5425
1.26 , 200 , 5430
2.52 , 200 , 5434
3.79 , 200 , 5439
6.31 , 200 , 5444
7.57 , 200 , 5449
8.84 , 200 , 5454
10.10 , 200 , 5459
11.36 , 200 , 5465
12.62 , 200 , 5470
13.88 , 200 , 5474
15.15 , 200 , 5479
16.41 , 200 , 5484
17.67 , 200 , 5489
18.93 , 200 , 5494
20.19 , 200 , 5499
21.46 , 200 , 5505
22.72 , 200 , 5510
23.98 , 200 , 5515
26.51 , 200 , 5520
27.77 , 200 , 5524
30.29 , 200 , 5529
32.82 , 200 , 5534
34.08 , 0 , 5539
36.60 , 0 , 5544
37.87 , 0 , 5550
40.39 , 0 , 5554
41.65 , 0 , 5559
41.65 , 0 , 5564
42.91 , 0 , 5569
44.18 , 0 , 5574
45.44 , 0 , 5578
45.44 , 0 , 5583
46.70 , 0 , 5588
47.96 , 0 , 5594
49.23 , 0 , 5599
49.23 , 0 , 5603
50.49 , 0 , 5608
51.75 , 0 , 5613
53.01 , 0 , 5618
54.27 , 0 , 5623
54.27 , 0 , 5628
55.54 , 0 , 5633
56.80 , 0 , 5638
56.80 , 0 , 5643
58.06 , 0 , 5648
59.32 , 0 , 5653
59.32 , 0 , 5657
59.32 , 0 , 5662
58.06 , 0 , 5667
58.06 , 0 , 5672
58.06 , 0 , 5678
58.06 , 0 , 5682
58.06 , 0 , 5687
58.06 , 0 , 5692
58.06 , 0 , 5697
58.06 , 0 , 5702
56.80 , 0 , 5706
56.80 , 0 , 5711
56.80 , 0 , 5716
56.80 , 0 , 5722
56.80 , 0 , 5727
55.54 , 0 , 5731
55.54 , 0 , 5736
55.54 , 0 , 5741
55.54 , 0 , 5746
55.54 , 0 , 5751
55.54 , 0 , 5755
55.54 , 0 , 5761
55.54 , 0 , 5766
54.27 , 0 , 5771
54.27 , 0 , 5776
54.27 , 0 , 5780
54.27 , 0 , 5785
54.27 , 0 , 5790
54.27 , 0 , 5795
53.01 , 0 , 5800
53.01 , 0 , 5805
53.01 , 0 , 5810
53.01 , 0 , 5815
53.01 , 0 , 5820
51.75 , 0 , 5825
51.75 , 0 , 5830
51.75 , 0 , 5834
51.75 , 0 , 5839
51.75 , 0 , 5844
51.75 , 0 , 5850
51.75 , 0 , 5855
51.75 , 0 , 5859
51.75 , 0 , 5864
51.75 , 0 , 5869
51.75 , 0 , 5874
51.75 , 0 , 5879
51.75 , 0 , 5883
51.75 , 0 , 5889
51.75 , 0 , 5894
51.75 , 0 , 5899
51.75 , 0 , 5904
51.75 , 0 , 5908
51.75 , 0 , 5913
51.75 , 0 , 5918
51.75 , 0 , 5923
51.75 , 0 , 5928
51.75 , 0 , 5933
51.75 , 0 , 5938
51.75 , 0 , 5943
51.75 , 0 , 5948
51.75 , 0 , 5953
51.75 , 0 , 5958
51.75 , 0 , 5962
51.75 , 0 , 5967
51.75 , 0 , 5972
51.75 , 0 , 5978
51.75 , 0 , 5983
51.75 , 0 , 5987
51.75 , 0 , 5992
51.75 , 0 , 5997
51.75 , 0 , 6002
51.75 , 0 , 6007
51.75 , 0 , 6011
51.75 , 0 , 6017
51.75 , 0 , 6022
51.75 , 0 , 6027
51.75 , 0 , 6032
51.75 , 0 , 6036
51.75 , 0 , 6041
51.75 , 0 , 6046
51.75 , 0 , 6051
51.75 , 0 , 6056
51.75 , 0 , 6061
51.75 , 0 , 6066
51.75 , 0 , 6071
51.75 , 0 , 6076
51.75 , 0 , 6081
51.75 , 0 , 6085
51.75 , 0 , 6090
51.75 , 0 , 6095
51.75 , 0 , 6100
51.75 , 0 , 6106
51.75 , 0 , 6111
51.75 , 0 , 6115
51.75 , 0 , 6120
51.75 , 0 , 6125
51.75 , 0 , 6130
51.75 , 0 , 6135
51.75 , 0 , 6139
51.75 , 0 , 6145
51.75 , 0 , 6150
51.75 , 0 , 6155
51.75 , 0 , 6160
51.75 , 0 , 6164
51.75 , 0 , 6169
51.75 , 0 , 6174
51.75 , 0 , 6179
51.75 , 0 , 6184
51.75 , 0 , 6189
51.75 , 0 , 6194
51.75 , 0 , 6199
51.75 , 0 , 6204
51.75 , 0 , 6209
51.75 , 0 , 6214
51.75 , 0 , 6218
51.75 , 0 , 6223
51.75 , 0 , 6228
51.75 , 0 , 6234
51.75 , 0 , 6239
51.75 , 0 , 6243
51.75 , 0 , 6248
51.75 , 0 , 6253
51.75 , 0 , 6258
51.75 , 0 , 6263
51.75 , 0 , 6267
51.75 , 0 , 6273
51.75 , 0 , 6278
51.75 , 0 , 6283
51.75 , 0 , 6288
51.75 , 0 , 6292
51.75 , 0 , 6297
51.75 , 0 , 6302
51.75 , 0 , 6307
51.75 , 0 , 6312
51.75 , 0 , 6317
51.75 , 0 , 6322
51.75 , 0 , 6327
51.75 , 0 , 6332
51.75 , 0 , 6337
51.75 , 0 , 6342
51.75 , 0 , 6346
51.75 , 0 , 6351
51.75 , 0 , 6356
51.75 , 0 , 6362
51.75 , 0 , 6367
51.75 , 0 , 6371
51.75 , 0 , 6376
51.75 , 0 , 6381
51.75 , 0 , 6386
51.75 , 0 , 6391
51.75 , 0 , 6395
51.75 , 0 , 6401
51.75 , 0 , 6406
51.75 , 0 , 6411
51.75 , 0 , 6416
51.75 , 0 , 6420
51.75 , 0 , 6425
51.75 , 0 , 6430
51.75 , 0 , 6435
51.75 , 0 , 6440
51.75 , 0 , 6445
51.75 , 0 , 6450
51.75 , 0 , 6455
51.75 , 0 , 6460
51.75 , 0 , 6465
51.75 , 0 , 6470
51.75 , 0 , 6474
51.75 , 0 , 6479
51.75 , 0 , 6484
51.75 , 0 , 6490
51.75 , 0 , 6495
51.75 , 0 , 6499
51.75 , 0 , 6504
51.75 , 0 , 6509
51.75 , 0 , 6514
51.75 , 0 , 6519
51.75 , 0 , 6523
51.75 , 0 , 6529
51.75 , 0 , 6534
51.75 , 0 , 6539
51.75 , 0 , 6544
51.75 , 0 , 6548
51.75 , 0 , 6553
51.75 , 0 , 6558
51.75 , 0 , 6563
51.75 , 0 , 6568
51.75 , 0 , 6573
51.75 , 0 , 6578
51.75 , 0 , 6583
51.75 , 0 , 6588
51.75 , 0 , 6593
51.75 , 0 , 6598
51.75 , 0 , 6602
51.75 , 0 , 6607
51.75 , 0 , 6612
51.75 , 0 , 6618
51.75 , 0 , 6623
51.75 , 0 , 6627
51.75 , 0 , 6632
51.75 , 0 , 6637
51.75 , 0 , 6642
51.75 , 220 , 6647
51.75 , 220 , 6652
53.01 , 220 , 6657
54.27 , 220 , 6662
55.54 , 220 , 6667
56.80 , 220 , 6672
58.06 , 220 , 6677
59.32 , 220 , 6682
60.58 , 220 , 6687
61.85 , 220 , 6692
63.11 , 220 , 6697
64.37 , 220 , 6703
64.37 , 220 , 6707
65.63 , 220 , 6712
66.90 , 220 , 6717
68.16 , 220 , 6722
68.16 , 220 , 6727
69.42 , 220 , 6732
70.68 , 220 , 6737
71.94 , 220 , 6743
73.21 , 220 , 6748
74.47 , 220 , 6753
75.73 , 220 , 6757
76.99 , 220 , 6762
79.52 , 220 , 6767
80.78 , 220 , 6772
82.04 , 220 , 6777
84.57 , 220 , 6782
85.83 , 220 , 6788
88.35 , 220 , 6793
89.62 , 220 , 6798
92.14 , 220 , 6803
94.66 , 0 , 6807
95.93 , 0 , 6812
97.19 , 0 , 6817
98.45 , 0 , 6822
98.45 , 0 , 6828
98.45 , 0 , 6832
98.45 , 0 , 6837
98.45 , 0 , 6842
98.45 , 0 , 6847
98.45 , 0 , 6852
98.45 , 0 , 6856
98.45 , 0 , 6861
99.71 , 0 , 6866
99.71 , 0 , 6872
99.71 , 0 , 6877
99.71 , 0 , 6881
99.71 , 0 , 6886
99.71 , 0 , 6891
99.71 , 0 , 6896
99.71 , 0 , 6901
99.71 , 0 , 6905
99.71 , 0 , 6910
99.71 , 0 , 6914
99.71 , 0 , 6919
99.71 , 0 , 6924
99.71 , 0 , 6928
99.71 , 0 , 6933
99.71 , 0 , 6938
99.71 , 0 , 6943
98.45 , 0 , 6948
98.45 , 0 , 6953
98.45 , 0 , 6958
98.45 , 0 , 6963
97.19 , 0 , 6968
97.19 , 0 , 6973
95.93 , 0 , 6978
95.93 , 0 , 6982
94.66 , 0 , 6987
94.66 , 0 , 6992
93.40 , 0 , 6998
92.14 , 0 , 7003
90.88 , 0 , 7007
89.62 , 0 , 7012
89.62 , 0 , 7017
88.35 , 0 , 7022
87.09 , 0 , 7027
85.83 , 0 , 7031
84.57 , 0 , 7036
84.57 , 0 , 7042
83.30 , 0 , 7047
82.04 , 0 , 7052
82.04 , 0 , 7057
80.78 , 0 , 7061
79.52 , 0 , 7066
79.52 , 0 , 7071
78.26 , 0 , 7076
78.26 , 0 , 7081
76.99 , 0 , 7086
76.99 , 0 , 7091
75.73 , 0 , 7096
75.73 , 0 , 7101
74.47 , 0 , 7106
73.21 , 0 , 7110
73.21 , 0 , 7115
71.94 , 0 , 7120
70.68 , 0 , 7126
70.68 , 0 , 7131
69.42 , 0 , 7135
68.16 , 0 , 7140
66.90 , 0 , 7145
65.63 , 0 , 7150
65.63 , 0 , 7155
64.37 , 0 , 7159
63.11 , 0 , 7164
61.85 , 0 , 7170
61.85 , 0 , 7175
60.58 , 0 , 7180
60.58 , 0 , 7185
59.32 , 0 , 7189
58.06 , 0 , 7194
58.06 , 0 , 7199
56.80 , 0 , 7204
56.80 , 0 , 7209
55.54 , 0 , 7214
54.27 , 0 , 7219
54.27 , 0 , 7224
53.01 , 0 , 7229
51.75 , 0 , 7234
50.49 , 0 , 7238
50.49 , 0 , 7243
49.23 , 0 , 7248
47.96 , 0 , 7254
46.70 , 0 , 7259
46.70 , 0 , 7263
45.44 , 0 , 7268
44.18 , 0 , 7273
44.18 , 0 , 7278
42.91 , 0 , 7283
41.65 , 0 , 7288
41.65 , 0 , 7292
40.39 , 0 , 7298
39.13 , 0 , 7303
39.13 , 0 , 7308
37.87 , 0 , 7313
36.60 , 0 , 7317
36.60 , 0 , 7322
35.34 , 0 , 7327
35.34 , 0 , 7332
34.08 , 0 , 7337
32.82 , 0 , 7342
32.82 , 0 , 7347
31.55 , 0 , 7352
31.55 , 0 , 7357
30.29 , 0 , 7362
30.29 , 0 , 7366
29.03 , 0 , 7371
29.03 , 0 , 7376
27.77 , 0 , 7382
27.77 , 0 , 7387
26.51 , 0 , 7391
26.51 , 0 , 7396
25.24 , 0 , 7401
25.24 , 0 , 7406
23.98 , 0 , 7411
23.98 , 0 , 7416
22.72 , 0 , 7420
22.72 , 0 , 7426
21.46 , 0 , 7431
21.46 , 0 , 7436
21.46 , 0 , 7441
20.19 , 0 , 7445
20.19 , 0 , 7450
18.93 , 0 , 7455
18.93 , 0 , 7460
18.93 , 0 , 7465
18.93 , 0 , 7470
17.67 , 0 , 7475
17.67 , 0 , 7480
17.67 , 0 , 7485
17.67 , 0 , 7490
16.41 , 0 , 7494
16.41 , 0 , 7499
16.41 , 0 , 7504
16.41 , 0 , 7510
16.41 , 0 , 7515
15.15 , 0 , 7520
15.15 , 0 , 7524
15.15 , 0 , 7529
15.15 , 0 , 7534
15.15 , 0 , 7539
15.15 , 0 , 7544
13.88 , 0 , 7548
13.88 , 0 , 7554
13.88 , 0 , 7559
13.88 , 0 , 7564
13.88 , 0 , 7569
13.88 , 0 , 7573
13.88 , 0 , 7578
13.88 , 0 , 7583
13.88 , 0 , 7588
13.88 , 0 , 7593
13.88 , 0 , 7598
13.88 , 0 , 7603
13.88 , 0 , 7608
13.88 , 0 , 7613
13.88 , 0 , 7618
13.88 , 0 , 7622
13.88 , 0 , 7627
13.88 , 0 , 7632
13.88 , 0 , 7638
13.88 , 0 , 7643
13.88 , 0 , 7648
13.88 , 0 , 7652
13.88 , 0 , 7657
13.88 , 0 , 7662
13.88 , 0 , 7667
13.88 , 0 , 7672
13.88 , 0 , 7676
13.88 , 0 , 7682
13.88 , 0 , 7687
13.88 , 0 , 7692
13.88 , 0 , 7697
13.88 , 0 , 7701
13.88 , 0 , 7706
13.88 , 0 , 7711
13.88 , 0 , 7716
13.88 , 0 , 7721
13.88 , 0 , 7726
13.88 , 0 , 7731
13.88 , 0 , 7736
13.88 , 0 , 7741
13.88 , 0 , 7746
13.88 , 0 , 7750
13.88 , 0 , 7755
13.88 , 0 , 7760
13.88 , 0 , 7766
13.88 , 0 , 7771
13.88 , 0 , 7775
13.88 , 0 , 7780
13.88 , 0 , 7785
13.88 , 0 , 7790
13.88 , 0 , 7795
13.88 , 0 , 7799
13.88 , 0 , 7804
13.88 , 0 , 7810
13.88 , 0 , 7815
13.88 , 0 , 7820
13.88 , 0 , 7824
13.88 , 0 , 7829
13.88 , 0 , 7834
13.88 , 0 , 7839
13.88 , 0 , 7844
13.88 , 0 , 7848
13.88 , 0 , 7854
13.88 , 0 , 7859
13.88 , 0 , 7864
13.88 , 0 , 7869
13.88 , 0 , 7873
13.88 , 190 , 7878
13.88 , 190 , 7883
13.88 , 190 , 7888
15.15 , 190 , 7894
16.41 , 190 , 7899
17.67 , 190 , 7904
18.93 , 190 , 7909
20.19 , 190 , 7914
21.46 , 190 , 7919
22.72 , 190 , 7924
23.98 , 190 , 7928
23.98 , 190 , 7933
25.24 , 190 , 7939
26.51 , 190 , 7944
27.77 , 190 , 7949
29.03 , 190 , 7954
29.03 , 190 , 7959
30.29 , 190 , 7964
31.55 , 190 , 7969
32.82 , 190 , 7973
34.08 , 190 , 7979
35.34 , 190 , 7984
36.60 , 190 , 7989
37.87 , 190 , 7994
40.39 , 190 , 7999
41.65 , 190 , 8004
44.18 , 190 , 8009
45.44 , 190 , 8014
47.96 , 190 , 8019
50.49 , 190 , 8025
51.75 , 190 , 8029
54.27 , 190 , 8034
56.80 , 190 , 8039
59.32 , 190 , 8044
60.58 , 190 , 8049
63.11 , 190 , 8054
65.63 , 190 , 8059
66.90 , 190 , 8065
69.42 , 190 , 8070
70.68 , 190 , 8074
73.21 , 190 , 8079
75.73 , 190 , 8084
78.26 , 190 , 8089
79.52 , 190 , 8094
82.04 , 190 , 8099
84.57 , 190 , 8104
87.09 , 190 , 8110
89.62 , 190 , 8115
90.88 , 190 , 8120
93.40 , 190 , 8124
95.93 , 190 , 8129
98.45 , 190 , 8134
100.97 , 190 , 8139
102.24 , 190 , 8144
104.76 , 190 , 8150
107.29 , 0 , 8155
108.55 , 0 , 8160
111.07 , 0 , 8165
111.07 , 0 , 8170
112.33 , 0 , 8174
112.33 , 0 , 8179
112.33 , 0 , 8184
113.60 , 0 , 8189
113.60 , 0 , 8195
113.60 , 0 , 8200
113.60 , 0 , 8204
113.60 , 0 , 8209
113.60 , 0 , 8214
113.60 , 0 , 8219
114.86 , 0 , 8224
114.86 , 0 , 8229
114.86 , 0 , 8235
116.12 , 0 , 8239
116.12 , 0 , 8244
116.12 , 0 , 8249
116.12 , 0 , 8254
117.38 , 0 , 8259
117.38 , 0 , 8264
117.38 , 0 , 8269
117.38 , 0 , 8273
116.12 , 0 , 8279
116.12 , 0 , 8284
116.12 , 0 , 8289
116.12 , 0 , 8294
116.12 , 0 , 8299
114.86 , 0 , 8303
114.86 , 0 , 8308
114.86 , 0 , 8313
113.60 , 0 , 8318
113.60 , 0 , 8324
112.33 , 0 , 8329
111.07 , 0 , 8334
111.07 , 0 , 8338
109.81 , 0 , 8343
108.55 , 0 , 8348
108.55 , 0 , 8353
107.29 , 0 , 8358
107.29 , 0 , 8364
106.02 , 0 , 8369
106.02 , 0 , 8373
104.76 , 0 , 8378
104.76 , 0 , 8383
103.50 , 0 , 8388
103.50 , 0 , 8393
103.50 , 0 , 8398
102.24 , 0 , 8402
102.24 , 0 , 8408
100.97 , 0 , 8413
100.97 , 0 , 8418
99.71 , 0 , 8423
99.71 , 0 , 8428
98.45 , 0 , 8432
98.45 , 0 , 8437
97.19 , 0 , 8442
97.19 , 0 , 8448
95.93 , 0 , 8453
95.93 , 0 , 8457
94.66 , 0 , 8462
93.40 , 0 , 8467
93.40 , 0 , 8472
92.14 , 0 , 8477
92.14 , 0 , 8482
90.88 , 0 , 8486
90.88 , 0 , 8492
89.62 , 0 , 8497
89.62 , 0 , 8502
88.35 , 0 , 8507
88.35 , 0 , 8511
87.09 , 0 , 8516
87.09 , 0 , 8521
85.83 , 0 , 8526
84.57 , 0 , 8531
84.57 , 0 , 8536
83.30 , 0 , 8541
82.04 , 0 , 8546
82.04 , 0 , 8551
80.78 , 0 , 8556
80.78 , 0 , 8560
79.52 , 0 , 8565
78.26 , 0 , 8570
78.26 , 0 , 8576
76.99 , 0 , 8581
75.73 , 0 , 8586
75.73 , 0 , 8590
74.47 , 0 , 8595
74.47 , 0 , 8600
73.21 , 0 , 8605
71.94 , 0 , 8610
71.94 , 0 , 8614
70.68 , 0 , 8620
70.68 , 0 , 8625
69.42 , 0 , 8630
68.16 , 0 , 8635
68.16 , 0 , 8639
66.90 , 0 , 8644
65.63 , 0 , 8649
64.37 , 0 , 8654
64.37 , 0 , 8659
63.11 , 0 , 8664
61.85 , 0 , 8669
61.85 , 0 , 8674
60.58 , 0 , 8679
59.32 , 0 , 8684
59.32 , 0 , 8689
58.06 , 0 , 8693
56.80 , 0 , 8698
56.80 , 0 , 8704
55.54 , 0 , 8709
55.54 , 0 , 8714
54.27 , 0 , 8718
53.01 , 0 , 8723
53.01 , 0 , 8728
51.75 , 0 , 8733
50.49 , 0 , 8738
49.23 , 0 , 8742
49.23 , 0 , 8748
47.96 , 0 , 8753
46.70 , 0 , 8758
46.70 , 0 , 8763
45.44 , 0 , 8768
45.44 , 0 , 8772
44.18 , 0 , 8777
42.91 , 0 , 8782
42.91 , 0 , 8787
41.65 , 0 , 8793
41.65 , 0 , 8797
40.39 , 0 , 8802
39.13 , 0 , 8807
39.13 , 0 , 8812
37.87 , 0 , 8817
37.87 , 0 , 8821
36.60 , 0 , 8826
36.60 , 0 , 8832
35.34 , 0 , 8837
35.34 , 0 , 8842
34.08 , 0 , 8846
34.08 , 0 , 8851
32.82 , 0 , 8856
32.82 , 0 , 8861
31.55 , 0 , 8866
31.55 , 0 , 8871
30.29 , 0 , 8876
30.29 , 0 , 8881
29.03 , 0 , 8886
29.03 , 0 , 8891
29.03 , 0 , 8896
27.77 , 0 , 8900
27.77 , 0 , 8905
26.51 , 0 , 8910
26.51 , 0 , 8915
26.51 , 0 , 8921
25.24 , 0 , 8925
25.24 , 0 , 8930
25.24 , 0 , 8935
23.98 , 0 , 8940
23.98 , 0 , 8945
23.98 , 0 , 8949
22.72 , 0 , 8954
22.72 , 0 , 8960
22.72 , 0 , 8965
22.72 , 0 , 8970
21.46 , 0 , 8975
21.46 , 0 , 8979
21.46 , 0 , 8984
21.46 , 0 , 8989
21.46 , 0 , 8994
21.46 , 0 , 8999
21.46 , 0 , 9004
20.19 , 0 , 9009
20.19 , 0 , 9014
20.19 , 0 , 9019
20.19 , 0 , 9024
20.19 , 0 , 9028
20.19 , 0 , 9033
20.19 , 0 , 9038
20.19 , 0 , 9043
20.19 , 0 , 9049
20.19 , 0 , 9053
20.19 , 0 , 9058
20.19 , 0 , 9063
20.19 , 0 , 9068
20.19 , 0 , 9073
20.19 , 0 , 9078
20.19 , 0 , 9082
20.19 , 0 , 9088
20.19 , 0 , 9093
20.19 , 0 , 9098
20.19 , 0 , 9103
20.19 , 0 , 9107
20.19 , 0 , 9112
20.19 , 210 , 9117
20.19 , 210 , 9122
20.19 , 210 , 9127
21.46 , 210 , 9133
22.72 , 210 , 9138
23.98 , 210 , 9143
25.24 , 210 , 9148
26.51 , 210 , 9152
29.03 , 210 , 9157
30.29 , 210 , 9162
31.55 , 210 , 9167
31.55 , 210 , 9172
32.82 , 210 , 9178
34.08 , 210 , 9183
35.34 , 210 , 9188
35.34 , 210 , 9193
36.60 , 210 , 9197
37.87 , 210 , 9202
39.13 , 210 , 9207
40.39 , 210 , 9212
41.65 , 210 , 9218
44.18 , 210 , 9223
45.44 , 210 , 9228
46.70 , 210 , 9233
49.23 , 210 , 9238
50.49 , 0 , 9243
53.01 , 0 , 9247
54.27 , 0 , 9252
55.54 , 0 , 9257
56.80 , 0 , 9263
56.80 , 0 , 9268
56.80 , 0 , 9272
58.06 , 0 , 9277
58.06 , 0 , 9282
58.06 , 0 , 9287
58.06 , 0 , 9292
59.32 , 0 , 9296
59.32 , 0 , 9302
60.58 , 0 , 9307
60.58 , 0 , 9312
61.85 , 0 , 9317
61.85 , 0 , 9321
61.85 , 0 , 9326
63.11 , 0 , 9331
63.11 , 0 , 9336
64.37 , 0 , 9341
64.37 , 0 , 9347
64.37 , 0 , 9351
64.37 , 0 , 9356
65.63 , 0 , 9361
65.63 , 0 , 9366
65.63 , 0 , 9371
65.63 , 0 , 9375
65.63 , 0 , 9380
64.37 , 0 , 9385
64.37 , 0 , 9391
64.37 , 0 , 9396
63.11 , 0 , 9400
63.11 , 0 , 9405
63.11 , 0 , 9410
61.85 , 0 , 9415
61.85 , 0 , 9420
60.58 , 0 , 9424
60.58 , 0 , 9430
59.32 , 0 , 9435
59.32 , 0 , 9440
58.06 , 0 , 9445
58.06 , 0 , 9450
58.06 , 0 , 9454
56.80 , 0 , 9459
56.80 , 0 , 9464
55.54 , 0 , 9469
55.54 , 0 , 9475
55.54 , 0 , 9479
54.27 , 0 , 9484
54.27 , 0 , 9489
54.27 , 0 , 9494
53.01 , 0 , 9499
53.01 , 0 , 9503
53.01 , 0 , 9508
51.75 , 0 , 9513
51.75 , 0 , 9519
50.49 , 0 , 9524
50.49 , 0 , 9528
50.49 , 0 , 9533
49.23 , 0 , 9538
49.23 , 0 , 9543
49.23 , 0 , 9548
47.96 , 0 , 9553
47.96 , 0 , 9558
46.70 , 0 , 9563
46.70 , 0 , 9568
46.70 , 0 , 9573
45.44 , 0 , 9578
45.44 , 0 , 9582
45.44 , 0 , 9587
44.18 , 0 , 9592
44.18 , 0 , 9597
44.18 , 0 , 9603
42.91 , 0 , 9607
42.91 , 0 , 9612
42.91 , 0 , 9617
41.65 , 0 , 9622
41.65 , 0 , 9627
41.65 , 0 , 9632
40.39 , 0 , 9636
40.39 , 0 , 9641
40.39 , 0 , 9647
39.13 , 0 , 9652
39.13 , 0 , 9657
39.13 , 0 , 9661
39.13 , 0 , 9666
39.13 , 0 , 9671
37.87 , 0 , 9676
37.87 , 0 , 9681
37.87 , 0 , 9686
37.87 , 0 , 9691
36.60 , 0 , 9696
36.60 , 0 , 9701
36.60 , 0 , 9706
36.60 , 0 , 9710
35.34 , 0 , 9715
35.34 , 0 , 9720
35.34 , 0 , 9725
35.34 , 0 , 9731
35.34 , 0 , 9736
34.08 , 0 , 9740
34.08 , 0 , 9745
34.08 , 0 , 9750
34.08 , 0 , 9755
34.08 , 0 , 9760
34.08 , 0 , 9764
34.08 , 0 , 9769
34.08 , 0 , 9775
32.82 , 0 , 9780
32.82 , 0 , 9785
32.82 , 0 , 9789
32.82 , 0 , 9794
32.82 , 0 , 9799
32.82 , 0 , 9804
31.55 , 0 , 9809
31.55 , 0 , 9814
31.55 , 0 , 9819
31.55 , 0 , 9824
31.55 , 0 , 9829
31.55 , 0 , 9834
31.55 , 0 , 9838
31.55 , 0 , 9843
31.55 , 0 , 9848
31.55 , 0 , 9853
31.55 , 0 , 9859
31.55 , 0 , 9864
31.55 , 0 , 9868
31.55 , 0 , 9873
31.55 , 0 , 9878
31.55 , 0 , 9883
31.55 , 0 , 9888
31.55 , 0 , 9892
31.55 , 0 , 9897
31.55 , 0 , 9903
31.55 , 0 , 9908
31.55 , 0 , 9913
31.55 , 0 , 9917
31.55 , 0 , 9922
31.55 , 0 , 9927
31.55 , 0 , 9932
31.55 , 0 , 9937
31.55 , 0 , 9942
31.55 , 0 , 9947
31.55 , 0 , 9952
31.55 , 0 , 9957
31.55 , 0 , 9962
31.55 , 0 , 9967
31.55 , 0 , 9971
31.55 , 0 , 9976
31.55 , 0 , 9981
31.55 , 0 , 9987
31.55 , 0 , 9992
31.55 , 0 , 9996
31.55 , 0 , 10001
31.55 , 0 , 10006
31.55 , 0 , 10011
31.55 , 0 , 10016
31.55 , 0 , 10021
31.55 , 0 , 10025
31.55 , 0 , 10031
31.55 , 0 , 10036
31.55 , 0 , 10041
31.55 , 0 , 10046
31.55 , 0 , 10051
31.55 , 0 , 10056
31.55 , 0 , 10061
31.55 , 0 , 10065
31.55 , 0 , 10071
31.55 , 0 , 10076
31.55 , 0 , 10081
31.55 , 0 , 10086
31.55 , 0 , 10091
31.55 , 0 , 10096
31.55 , 0 , 10100
31.55 , 0 , 10105
31.55 , 0 , 10110
31.55 , 0 , 10116
31.55 , 0 , 10121
31.55 , 0 , 10126
31.55 , 0 , 10131
31.55 , 0 , 10135
31.55 , 0 , 10140
31.55 , 0 , 10145
31.55 , 0 , 10150
31.55 , 0 , 10156
31.55 , 0 , 10161
31.55 , 0 , 10166
31.55 , 0 , 10170
31.55 , 0 , 10175
31.55 , 0 , 10180
31.55 , 0 , 10185
31.55 , 0 , 10190
31.55 , 0 , 10195
31.55 , 0 , 10201
31.55 , 0 , 10205
31.55 , 0 , 10210
31.55 , 0 , 10215
31.55 , 0 , 10220
31.55 , 0 , 10225
31.55 , 0 , 10230
31.55 , 0 , 10235
31.55 , 0 , 10240
31.55 , 0 , 10245
31.55 , 0 , 10250
31.55 , 0 , 10255
31.55 , 0 , 10260
31.55 , 0 , 10265
31.55 , 0 , 10270
31.55 , 0 , 10275
31.55 , 0 , 10279
31.55 , 0 , 10285
31.55 , 0 , 10290
31.55 , 0 , 10295
31.55 , 0 , 10300
31.55 , 0 , 10305
31.55 , 0 , 10310
31.55 , 0 , 10314
31.55 , 0 , 10319
31.55 , 0 , 10324
31.55 , 0 , 10330
31.55 , 0 , 10335
31.55 , 0 , 10340
31.55 , 0 , 10345
31.55 , 0 , 10349
31.55 , 0 , 10354
31.55 , 0 , 10359
31.55 , 0 , 10364
31.55 , 0 , 10370
31.55 , 0 , 10375
31.55 , 0 , 10380
31.55 , 0 , 10384
31.55 , 0 , 10389
31.55 , 0 , 10394
31.55 , 0 , 10399
31.55 , 0 , 10404
31.55 , 0 , 10409
31.55 , 0 , 10415
31.55 , 0 , 10419
31.55 , 0 , 10424
31.55 , 0 , 10429
31.55 , 0 , 10434
31.55 , 0 , 10439
31.55 , 0 , 10444
31.55 , 0 , 10449
31.55 , 0 , 10454
31.55 , 0 , 10459
31.55 , 0 , 10464
31.55 , 0 , 10469
31.55 , 0 , 10474
31.55 , 0 , 10479
31.55 , 0 , 10484
31.55 , 0 , 10489
31.55 , 0 , 10493
31.55 , 0 , 10499
31.55 , 0 , 10504
31.55 , 0 , 10509
31.55 , 0 , 10514
31.55 , 0 , 10519
31.55 , 0 , 10524
31.55 , 0 , 10528
31.55 , 0 , 10533
31.55 , 0 , 10539
31.55 , 0 , 10544
31.55 , 0 , 10549
31.55 , 0 , 10554
31.55 , 0 , 10559
31.55 , 0 , 10563
31.55 , 0 , 10568
31.55 , 0 , 10573
31.55 , 0 , 10578
31.55 , 0 , 10584
31.55 , 0 , 10589
31.55 , 0 , 10594
31.55 , 0 , 10598
31.55 , 0 , 10603
31.55 , 0 , 10608
31.55 , 0 , 10613
31.55 , 0 , 10618
31.55 , 0 , 10624
31.55 , 0 , 10629
31.55 , 0 , 10633
31.55 , 0 , 10638
31.55 , 0 , 10643
31.55 , 0 , 10648
31.55 , 0 , 10653
31.55 , 0 , 10658
31.55 , 0 , 10663
31.55 , 0 , 10668
31.55 , 0 , 10673
31.55 , 0 , 10678
31.55 , 0 , 10683
31.55 , 0 , 10688
31.55 , 0 , 10693
31.55 , 0 , 10698
31.55 , 0 , 10702
31.55 , 0 , 10707
31.55 , 0 , 10713
31.55 , 0 , 10718
31.55 , 0 , 10723
31.55 , 0 , 10728
31.55 , 0 , 10733
31.55 , 0 , 10738
31.55 , 0 , 10742
31.55 , 0 , 10747
31.55 , 0 , 10753
31.55 , 0 , 10758
31.55 , 0 , 10763
31.55 , 0 , 10768
31.55 , 0 , 10773
31.55 , 0 , 10777
31.55 , 0 , 10782
31.55 , 0 , 10787
31.55 , 0 , 10792
31.55 , 0 , 10798
31.55 , 0 , 10803
31.55 , 0 , 10808
31.55 , 0 , 10812
31.55 , 0 , 10817
31.55 , 0 , 10822
31.55 , 0 , 10827
31.55 , 0 , 10832
31.55 , 0 , 10838
31.55 , 0 , 10843
31.55 , 0 , 10847
31.55 , 0 , 10852
31.55 , 0 , 10857
31.55 , 0 , 10862
31.55 , 0 , 10867
31.55 , 0 , 10872
31.55 , 0 , 10877
31.55 , 0 , 10882
31.55 , 0 , 10887
31.55 , 0 , 10892
31.55 , 0 , 10897
31.55 , 0 , 10902
31.55 , 0 , 10907
31.55 , 0 , 10912
31.55 , 0 , 10916
31.55 , 0 , 10921
31.55 , 0 , 10927
31.55 , 0 , 10932
31.55 , 0 , 10937
31.55 , 0 , 10942
31.55 , 0 , 10947
31.55 , 0 , 10951
31.55 , 0 , 10956
31.55 , 0 , 10961
31.55 , 0 , 10967
31.55 , 0 , 10972
31.55 , 0 , 10977
31.55 , 0 , 10982
31.55 , 0 , 10987
31.55 , 0 , 10991
31.55 , 0 , 10996
31.55 , 0 , 11001
31.55 , 0 , 11006
31.55 , 0 , 11012
31.55 , 0 , 11017
31.55 , 0 , 11022
31.55 , 0 , 11026
31.55 , 0 , 11031
31.55 , 0 , 11036
31.55 , 0 , 11041
31.55 , 0 , 11046
31.55 , 0 , 11052
31.55 , 0 , 11057
31.55 , 0 , 11061
31.55 , 0 , 11066
31.55 , 0 , 11071
31.55 , 0 , 11076
31.55 , 0 , 11081
31.55 , 0 , 11086
31.55 , 0 , 11091
31.55 , 0 , 11096
