0.00 , 0 , 3002
0.00 , 0 , 3004
0.00 , 0 , 3007
0.00 , 0 , 3010
0.00 , 0 , 3012
0.00 , 0 , 3015
0.00 , 0 , 3018
0.00 , 0 , 3020
0.00 , 0 , 3023
0.00 , 0 , 3026
0.00 , 0 , 3028
0.00 , 0 , 3032
0.00 , 0 , 3035
0.00 , 0 , 3037
0.00 , 0 , 3040
0.00 , 0 , 3043
0.00 , 0 , 3046
0.00 , 0 , 3048
0.00 , 0 , 3051
0.00 , 0 , 3054
0.00 , 0 , 3056
0.00 , 0 , 3059
0.00 , 0 , 3062
0.00 , 0 , 3064
0.00 , 0 , 3067
0.00 , 0 , 3070
0.00 , 0 , 3073
0.00 , 0 , 3076
0.00 , 0 , 3079
0.00 , 0 , 3081
0.00 , 0 , 3084
0.00 , 0 , 3087
0.00 , 0 , 3089
0.00 , 0 , 3092
0.00 , 0 , 3095
0.00 , 0 , 3097
0.00 , 0 , 3100
0.00 , 0 , 3103
0.00 , 0 , 3105
0.00 , 0 , 3108
0.00 , 0 , 3111
0.00 , 0 , 3113
0.00 , 0 , 3117
0.00 , 0 , 3120
0.00 , 0 , 3122
0.00 , 0 , 3125
0.00 , 0 , 3128
0.00 , 0 , 3130
0.00 , 0 , 3133
0.00 , 0 , 3136
0.00 , 0 , 3138
0.00 , 0 , 3141
0.00 , 0 , 3144
0.00 , 0 , 3146
0.00 , 0 , 3149
0.00 , 0 , 3152
0.00 , 0 , 3155
0.00 , 0 , 3158
0.00 , 0 , 3161
0.00 , 0 , 3164
0.00 , 0 , 3166
0.00 , 0 , 3169
0.00 , 0 , 3172
0.00 , 0 , 3174
0.00 , 0 , 3177
0.00 , 0 , 3180
0.00 , 0 , 3182
0.00 , 0 , 3185
0.00 , 0 , 3188
0.00 , 0 , 3190
0.00 , 0 , 3193
0.00 , 0 , 3196
0.00 , 0 , 3198
0.00 , 0 , 3202
0.00 , 0 , 3205
0.00 , 0 , 3207
0.00 , 0 , 3210
0.00 , 0 , 3213
0.00 , 0 , 3215
0.00 , 0 , 3218
0.00 , 0 , 3221
0.00 , 0 , 3223
0.00 , 0 , 3226
0.00 , 0 , 3229
0.00 , 0 , 3231
0.00 , 0 , 3234
0.00 , 0 , 3237
0.00 , 0 , 3239
0.00 , 0 , 3243
0.00 , 0 , 3246
0.00 , 0 , 3248
0.00 , 0 , 3251
0.00 , 0 , 3254
0.00 , 0 , 3256
0.00 , 0 , 3259
0.00 , 0 , 3262
0.00 , 0 , 3265
0.00 , 0 , 3267
0.00 , 0 , 3270
0.00 , 0 , 3273
0.00 , 0 , 3275
0.00 , 0 , 3278
0.00 , 0 , 3281
0.00 , 0 , 3283
0.00 , 0 , 3287
0.00 , 0 , 3290
0.00 , 0 , 3292
0.00 , 0 , 3295
0.00 , 0 , 3298
0.00 , 0 , 3300
0.00 , 0 , 3303
0.00 , 0 , 3306
0.00 , 0 , 3308
0.00 , 0 , 3311
0.00 , 0 , 3314
0.00 , 0 , 3316
0.00 , 0 , 3319
0.00 , 0 , 3322
0.00 , 0 , 3324
0.00 , 0 , 3328
0.00 , 0 , 3331
0.00 , 0 , 3333
0.00 , 0 , 3336
0.00 , 0 , 3339
0.00 , 0 , 3341
0.00 , 0 , 3344
0.00 , 0 , 3347
0.00 , 0 , 3349
0.00 , 0 , 3352
0.00 , 0 , 3355
0.00 , 0 , 3357
0.00 , 0 , 3360
0.00 , 0 , 3363
0.00 , 0 , 3365
0.00 , 0 , 3368
0.00 , 0 , 3372
0.00 , 0 , 3374
0.00 , 0 , 3377
0.00 , 0 , 3380
0.00 , 0 , 3383
0.00 , 0 , 3385
0.00 , 0 , 3388
0.00 , 0 , 3391
0.00 , 0 , 3393
0.00 , 0 , 3396
0.00 , 0 , 3399
0.00 , 0 , 3401
0.00 , 0 , 3404
0.00 , 0 , 3407
0.00 , 0 , 3409
0.00 , 0 , 3412
0.00 , 0 , 3416
0.00 , 0 , 3418
0.00 , 0 , 3421
0.00 , 0 , 3424
0.00 , 0 , 3426
0.00 , 0 , 3429
0.00 , 0 , 3432
0.00 , 0 , 3434
0.00 , 0 , 3437
0.00 , 0 , 3440
0.00 , 0 , 3442
0.00 , 0 , 3445
0.00 , 0 , 3448
0.00 , 0 , 3450
0.00 , 0 , 3453
0.00 , 0 , 3457
0.00 , 0 , 3459
0.00 , 0 , 3462
0.00 , 0 , 3465
0.00 , 0 , 3467
0.00 , 0 , 3470
0.00 , 0 , 3473
0.00 , 0 , 3475
0.00 , 0 , 3478
0.00 , 0 , 3481
0.00 , 0 , 3483
0.00 , 0 , 3486
0.00 , 0 , 3489
0.00 , 0 , 3491
0.00 , 0 , 3494
0.00 , 0 , 3497
0.00 , 0 , 3501
0.00 , 0 , 3503
0.00 , 0 , 3506
0.00 , 0 , 3509
0.00 , 0 , 3511
0.00 , 0 , 3514
0.00 , 0 , 3517
0.00 , 0 , 3519
0.00 , 0 , 3522
0.00 , 0 , 3525
0.00 , 0 , 3527
0.00 , 0 , 3530
0.00 , 0 , 3533
0.00 , 0 , 3535
0.00 , 0 , 3538
0.00 , 0 , 3542
0.00 , 0 , 3544
0.00 , 0 , 3547
0.00 , 0 , 3550
0.00 , 0 , 3552
0.00 , 0 , 3555
0.00 , 0 , 3558
0.00 , 0 , 3560
0.00 , 0 , 3563
0.00 , 0 , 3566
0.00 , 0 , 3568
0.00 , 0 , 3571
0.00 , 0 , 3574
0.00 , 0 , 3576
0.00 , 0 , 3579
0.00 , 0 , 3582
0.00 , 0 , 3585
0.00 , 0 , 3588
0.00 , 0 , 3591
0.00 , 0 , 3593
0.00 , 0 , 3596
0.00 , 0 , 3599
0.00 , 0 , 3601
0.00 , 0 , 3604
0.00 , 0 , 3607
0.00 , 0 , 3610
0.00 , 0 , 3612
0.00 , 0 , 3615
0.00 , 0 , 3618
0.00 , 0 , 3620
0.00 , 0 , 3623
0.00 , 0 , 3627
0.00 , 0 , 3629
0.00 , 0 , 3632
0.00 , 0 , 3635
0.00 , 0 , 3637
0.00 , 0 , 3640
0.00 , 0 , 3643
0.00 , 0 , 3645
0.00 , 0 , 3648
0.00 , 0 , 3651
0.00 , 0 , 3653
0.00 , 0 , 3656
0.00 , 0 , 3659
0.00 , 0 , 3661
0.00 , 0 , 3664
0.00 , 0 , 3667
0.00 , 0 , 3670
0.00 , 0 , 3673
0.00 , 0 , 3676
0.00 , 0 , 3678
0.00 , 0 , 3681
0.00 , 0 , 3684
0.00 , 0 , 3686
0.00 , 0 , 3689
0.00 , 0 , 3692
0.00 , 0 , 3694
0.00 , 0 , 3697
0.00 , 0 , 3700
0.00 , 0 , 3702
0.00 , 0 , 3705
0.00 , 0 , 3708
0.00 , 0 , 3712
0.00 , 0 , 3714
0.00 , 0 , 3717
0.00 , 0 , 3720
0.00 , 0 , 3722
0.00 , 0 , 3725
0.00 , 0 , 3728
0.00 , 0 , 3730
0.00 , 0 , 3733
0.00 , 0 , 3736
0.00 , 0 , 3738
0.00 , 0 , 3741
0.00 , 0 , 3744
0.00 , 0 , 3746
0.00 , 0 , 3749
0.00 , 0 , 3752
0.00 , 0 , 3755
0.00 , 0 , 3758
0.00 , 0 , 3761
0.00 , 0 , 3763
0.00 , 0 , 3766
0.00 , 0 , 3769
0.00 , 0 , 3771
0.00 , 0 , 3774
0.00 , 0 , 3777
0.00 , 0 , 3779
0.00 , 0 , 3782
0.00 , 0 , 3785
0.00 , 0 , 3787
0.00 , 0 , 3790
0.00 , 0 , 3793
0.00 , 0 , 3795
0.00 , 0 , 3799
0.00 , 0 , 3802
0.00 , 0 , 3804
0.00 , 0 , 3807
0.00 , 0 , 3810
0.00 , 0 , 3812
0.00 , 0 , 3815
0.00 , 0 , 3818
0.00 , 0 , 3821
0.00 , 0 , 3823
0.00 , 0 , 3826
0.00 , 0 , 3829
0.00 , 0 , 3831
0.00 , 0 , 3834
0.00 , 0 , 3837
0.00 , 0 , 3840
0.00 , 0 , 3843
0.00 , 0 , 3846
0.00 , 0 , 3848
0.00 , 0 , 3851
0.00 , 0 , 3854
0.00 , 0 , 3856
0.00 , 0 , 3859
0.00 , 0 , 3862
0.00 , 0 , 3864
0.00 , 0 , 3867
0.00 , 0 , 3870
0.00 , 0 , 3872
0.00 , 0 , 3875
0.00 , 0 , 3878
0.00 , 0 , 3880
0.00 , 0 , 3884
0.00 , 0 , 3887
0.00 , 0 , 3889
0.00 , 0 , 3892
0.00 , 0 , 3895
0.00 , 0 , 3897
0.00 , 0 , 3900
0.00 , 0 , 3903
0.00 , 0 , 3905
0.00 , 0 , 3908
0.00 , 0 , 3911
0.00 , 0 , 3913
0.00 , 0 , 3916
0.00 , 0 , 3919
0.00 , 0 , 3922
0.00 , 0 , 3924
0.00 , 0 , 3928
0.00 , 0 , 3931
0.00 , 0 , 3933
0.00 , 0 , 3936
0.00 , 0 , 3939
0.00 , 0 , 3941
0.00 , 0 , 3944
0.00 , 0 , 3947
0.00 , 0 , 3949
0.00 , 0 , 3952
0.00 , 0 , 3955
0.00 , 0 , 3957
0.00 , 0 , 3960
0.00 , 0 , 3963
0.00 , 0 , 3965
0.00 , 0 , 3969
0.00 , 0 , 3972
0.00 , 0 , 3974
0.00 , 0 , 3977
0.00 , 0 , 3980
0.00 , 0 , 3982
0.00 , 0 , 3985
0.00 , 0 , 3988
0.00 , 0 , 3990
0.00 , 0 , 3993
0.00 , 0 , 3996
0.00 , 0 , 3998
0.00 , 0 , 4001
0.00 , 0 , 4004
0.00 , 0 , 4006
0.00 , 0 , 4009
0.00 , 0 , 4013
0.00 , 0 , 4015
0.00 , 0 , 4018
0.00 , 0 , 4021
0.00 , 0 , 4023
0.00 , 0 , 4026
0.00 , 0 , 4029
0.00 , 0 , 4032
0.00 , 0 , 4034
0.00 , 0 , 4037
0.00 , 0 , 4040
0.00 , 0 , 4042
0.00 , 0 , 4045
0.00 , 0 , 4048
0.00 , 0 , 4050
0.00 , 0 , 4054
0.00 , 0 , 4057
0.00 , 0 , 4059
0.00 , 0 , 4062
0.00 , 0 , 4065
0.00 , 0 , 4067
0.00 , 0 , 4070
0.00 , 0 , 4073
0.00 , 0 , 4075
0.00 , 0 , 4078
0.00 , 0 , 4081
0.00 , 0 , 4083
0.00 , 0 , 4086
0.00 , 0 , 4089
0.00 , 0 , 4091
0.00 , 0 , 4094
0.00 , 0 , 4098
0.00 , 0 , 4100
0.00 , 0 , 4103
0.00 , 0 , 4106
0.00 , 0 , 4108
0.00 , 0 , 4111
0.00 , 0 , 4114
0.00 , 0 , 4116
0.00 , 0 , 4119
0.00 , 0 , 4122
0.00 , 0 , 4124
0.00 , 0 , 4127
0.00 , 0 , 4130
0.00 , 0 , 4132
0.00 , 0 , 4135
0.00 , 0 , 4139
0.00 , 0 , 4141
0.00 , 0 , 4144
0.00 , 0 , 4147
0.00 , 0 , 4150
0.00 , 0 , 4152
0.00 , 0 , 4155
0.00 , 0 , 4158
0.00 , 0 , 4160
0.00 , 0 , 4163
0.00 , 0 , 4166
0.00 , 0 , 4168
0.00 , 0 , 4171
0.00 , 0 , 4174
0.00 , 0 , 4176
0.00 , 0 , 4179
0.00 , 0 , 4183
0.00 , 0 , 4185
0.00 , 0 , 4188
0.00 , 0 , 4191
0.00 , 0 , 4193
0.00 , 0 , 4196
0.00 , 0 , 4199
0.00 , 0 , 4201
0.00 , 0 , 4204
0.00 , 0 , 4207
0.00 , 0 , 4209
0.00 , 0 , 4212
0.00 , 0 , 4215
0.00 , 0 , 4217
0.00 , 0 , 4220
0.00 , 0 , 4224
0.00 , 0 , 4226
0.00 , 0 , 4229
0.00 , 0 , 4232
0.00 , 0 , 4234
0.00 , 0 , 4237
0.00 , 0 , 4240
0.00 , 0 , 4242
0.00 , 0 , 4245
0.00 , 0 , 4248
0.00 , 0 , 4250
0.00 , 0 , 4253
0.00 , 0 , 4256
0.00 , 0 , 4259
0.00 , 0 , 4261
0.00 , 0 , 4264
0.00 , 0 , 4268
0.00 , 0 , 4270
0.00 , 0 , 4273
0.00 , 0 , 4276
0.00 , 0 , 4278
0.00 , 0 , 4281
0.00 , 0 , 4284
0.00 , 0 , 4286
0.00 , 0 , 4289
0.00 , 0 , 4292
0.00 , 0 , 4294
0.00 , 0 , 4297
0.00 , 0 , 4300
0.00 , 0 , 4302
0.00 , 0 , 4305
0.00 , 0 , 4308
0.00 , 0 , 4311
0.00 , 0 , 4314
0.00 , 0 , 4317
0.00 , 0 , 4319
0.00 , 0 , 4322
0.00 , 0 , 4325
0.00 , 0 , 4327
0.00 , 0 , 4330
0.00 , 0 , 4333
0.00 , 0 , 4335
0.00 , 0 , 4338
0.00 , 0 , 4341
0.00 , 0 , 4343
0.00 , 0 , 4346
0.00 , 0 , 4349
0.00 , 0 , 4352
0.00 , 0 , 4355
0.00 , 0 , 4358
0.00 , 0 , 4360
0.00 , 0 , 4363
0.00 , 0 , 4366
0.00 , 0 , 4368
0.00 , 0 , 4371
0.00 , 0 , 4374
0.00 , 0 , 4377
0.00 , 0 , 4379
0.00 , 0 , 4382
0.00 , 0 , 4385
0.00 , 0 , 4387
0.00 , 0 , 4390
0.00 , 0 , 4393
0.00 , 0 , 4396
0.00 , 0 , 4399
0.00 , 0 , 4402
0.00 , 0 , 4404
0.00 , 0 , 4407
0.00 , 0 , 4410
0.00 , 0 , 4412
0.00 , 0 , 4415
0.00 , 0 , 4418
0.00 , 0 , 4420
0.00 , 0 , 4423
0.00 , 0 , 4426
0.00 , 0 , 4428
0.00 , 0 , 4431
0.00 , 0 , 4434
0.00 , 0 , 4436
0.00 , 0 , 4440
0.00 , 0 , 4443
0.00 , 0 , 4445
0.00 , 0 , 4448
0.00 , 0 , 4451
0.00 , 0 , 4453
0.00 , 0 , 4456
0.00 , 0 , 4459
0.00 , 0 , 4461
0.00 , 0 , 4464
0.00 , 0 , 4467
0.00 , 0 , 4469
0.00 , 0 , 4472
0.00 , 0 , 4475
0.00 , 0 , 4478
0.00 , 0 , 4481
0.00 , 0 , 4484
0.00 , 0 , 4487
0.00 , 0 , 4489
0.00 , 0 , 4492
0.00 , 0 , 4495
0.00 , 0 , 4497
0.00 , 0 , 4500
0.00 , 0 , 4503
0.00 , 0 , 4505
0.00 , 0 , 4508
0.00 , 0 , 4511
0.00 , 0 , 4513
0.00 , 0 , 4516
0.00 , 0 , 4519
0.00 , 0 , 4521
0.00 , 0 , 4525
0.00 , 0 , 4528
0.00 , 0 , 4530
0.00 , 0 , 4533
0.00 , 0 , 4536
0.00 , 0 , 4538
0.00 , 0 , 4541
0.00 , 0 , 4544
0.00 , 0 , 4546
0.00 , 0 , 4549
0.00 , 0 , 4552
0.00 , 0 , 4554
0.00 , 0 , 4557
0.00 , 0 , 4560
0.00 , 0 , 4562
0.00 , 0 , 4566
0.00 , 0 , 4569
0.00 , 0 , 4571
0.00 , 0 , 4574
0.00 , 0 , 4577
0.00 , 0 , 4579
0.00 , 0 , 4582
0.00 , 0 , 4585
0.00 , 0 , 4587
0.00 , 0 , 4590
0.00 , 0 , 4593
0.00 , 0 , 4596
0.00 , 0 , 4598
0.00 , 0 , 4601
0.00 , 0 , 4604
0.00 , 0 , 4606
0.00 , 0 , 4610
0.00 , 0 , 4613
0.00 , 0 , 4615
0.00 , 0 , 4618
0.00 , 0 , 4621
0.00 , 0 , 4623
0.00 , 0 , 4626
0.00 , 0 , 4629
0.00 , 0 , 4631
0.00 , 0 , 4634
0.00 , 0 , 4637
0.00 , 0 , 4639
0.00 , 0 , 4642
0.00 , 0 , 4645
0.00 , 0 , 4647
0.00 , 0 , 4651
0.00 , 0 , 4654
0.00 , 0 , 4656
0.00 , 0 , 4659
0.00 , 0 , 4662
0.00 , 0 , 4664
0.00 , 0 , 4667
0.00 , 0 , 4670
0.00 , 0 , 4672
0.00 , 0 , 4675
0.00 , 0 , 4678
0.00 , 0 , 4680
0.00 , 0 , 4683
0.00 , 0 , 4686
0.00 , 0 , 4688
0.00 , 0 , 4691
0.00 , 0 , 4695
0.00 , 0 , 4697
0.00 , 0 , 4700
0.00 , 0 , 4703
0.00 , 0 , 4706
0.00 , 0 , 4708
0.00 , 0 , 4711
0.00 , 0 , 4714
0.00 , 0 , 4716
0.00 , 0 , 4719
0.00 , 0 , 4722
0.00 , 0 , 4724
0.00 , 0 , 4727
0.00 , 0 , 4730
0.00 , 0 , 4732
0.00 , 0 , 4736
0.00 , 0 , 4739
0.00 , 0 , 4741
0.00 , 0 , 4744
0.00 , 0 , 4747
0.00 , 0 , 4749
0.00 , 0 , 4752
0.00 , 0 , 4755
0.00 , 0 , 4757
0.00 , 0 , 4760
0.00 , 0 , 4763
0.00 , 0 , 4765
0.00 , 0 , 4768
0.00 , 0 , 4771
0.00 , 0 , 4773
0.00 , 0 , 4776
0.00 , 0 , 4780
0.00 , 0 , 4782
0.00 , 0 , 4785
0.00 , 0 , 4788
0.00 , 0 , 4790
0.00 , 0 , 4793
0.00 , 0 , 4796
0.00 , 0 , 4798
0.00 , 0 , 4801
0.00 , 0 , 4804
0.00 , 0 , 4807
0.00 , 0 , 4809
0.00 , 0 , 4812
0.00 , 0 , 4815
0.00 , 0 , 4817
0.00 , 0 , 4820
0.00 , 0 , 4824
0.00 , 0 , 4826
0.00 , 0 , 4829
0.00 , 0 , 4832
0.00 , 0 , 4834
0.00 , 0 , 4837
0.00 , 0 , 4840
0.00 , 0 , 4842
0.00 , 0 , 4845
0.00 , 0 , 4848
0.00 , 0 , 4850
0.00 , 0 , 4853
0.00 , 0 , 4856
0.00 , 0 , 4858
0.00 , 0 , 4861
0.00 , 0 , 4865
0.00 , 0 , 4867
0.00 , 0 , 4870
0.00 , 0 , 4873
0.00 , 0 , 4875
0.00 , 0 , 4878
0.00 , 0 , 4881
0.00 , 0 , 4883
0.00 , 0 , 4886
0.00 , 0 , 4889
0.00 , 0 , 4891
0.00 , 0 , 4894
0.00 , 0 , 4897
0.00 , 0 , 4899
0.00 , 0 , 4902
0.00 , 0 , 4905
0.00 , 0 , 4908
0.00 , 0 , 4911
0.00 , 0 , 4914
0.00 , 0 , 4917
0.00 , 0 , 4919
0.00 , 0 , 4922
0.00 , 0 , 4925
0.00 , 0 , 4927
0.00 , 0 , 4930
0.00 , 0 , 4933
0.00 , 0 , 4935
0.00 , 0 , 4938
0.00 , 0 , 4941
0.00 , 0 , 4943
0.00 , 0 , 4946
0.00 , 0 , 4950
0.00 , 0 , 4952
0.00 , 0 , 4955
0.00 , 0 , 4958
0.00 , 0 , 4960
0.00 , 0 , 4963
0.00 , 0 , 4966
0.00 , 0 , 4968
0.00 , 0 , 4971
0.00 , 0 , 4974
0.00 , 0 , 4976
0.00 , 0 , 4979
0.00 , 0 , 4982
0.00 , 0 , 4984
0.00 , 0 , 4987
0.00 , 0 , 4990
0.00 , 0 , 4993
0.00 , 0 , 4996
0.00 , 0 , 4999
0.00 , 0 , 5001
0.00 , 0 , 5004
0.00 , 0 , 5007
0.00 , 0 , 5009
0.00 , 0 , 5012
0.00 , 0 , 5015
0.00 , 0 , 5017
0.00 , 0 , 5020
0.00 , 0 , 5023
0.00 , 0 , 5026
0.00 , 0 , 5028
0.00 , 0 , 5031
0.00 , 0 , 5035
0.00 , 0 , 5037
0.00 , 0 , 5040
0.00 , 0 , 5043
0.00 , 0 , 5045
0.00 , 0 , 5048
0.00 , 0 , 5051
0.00 , 0 , 5053
0.00 , 0 , 5056
0.00 , 0 , 5059
0.00 , 0 , 5061
0.00 , 0 , 5064
0.00 , 0 , 5067
0.00 , 0 , 5069
0.00 , 0 , 5072
0.00 , 0 , 5075
0.00 , 0 , 5078
0.00 , 0 , 5081
0.00 , 0 , 5084
0.00 , 0 , 5086
0.00 , 0 , 5089
0.00 , 0 , 5092
0.00 , 0 , 5094
0.00 , 0 , 5097
0.00 , 0 , 5100
0.00 , 0 , 5102
0.00 , 0 , 5105
0.00 , 0 , 5108
0.00 , 0 , 5110
0.00 , 0 , 5113
0.00 , 0 , 5116
0.00 , 0 , 5118
0.00 , 0 , 5122
0.00 , 0 , 5125
0.00 , 0 , 5128
0.00 , 0 , 5130
0.00 , 0 , 5133
0.00 , 0 , 5136
0.00 , 0 , 5138
0.00 , 0 , 5141
0.00 , 0 , 5144
0.00 , 0 , 5146
0.00 , 0 , 5149
0.00 , 0 , 5152
0.00 , 0 , 5154
0.00 , 0 , 5157
0.00 , 0 , 5160
0.00 , 0 , 5163
0.00 , 0 , 5166
0.00 , 0 , 5169
0.00 , 0 , 5171
0.00 , 0 , 5174
0.00 , 0 , 5177
0.00 , 0 , 5179
0.00 , 0 , 5182
0.00 , 0 , 5185
0.00 , 0 , 5187
0.00 , 0 , 5190
0.00 , 0 , 5193
0.00 , 0 , 5195
0.00 , 0 , 5198
0.00 , 0 , 5201
0.00 , 0 , 5203
0.00 , 0 , 5207
0.00 , 0 , 5210
0.00 , 0 , 5212
0.00 , 0 , 5215
0.00 , 0 , 5218
0.00 , 0 , 5220
0.00 , 0 , 5223
0.00 , 0 , 5226
0.00 , 0 , 5228
0.00 , 0 , 5231
0.00 , 0 , 5234
0.00 , 0 , 5236
0.00 , 0 , 5239
0.00 , 0 , 5242
0.00 , 0 , 5244
0.00 , 0 , 5248
0.00 , 0 , 5251
0.00 , 0 , 5254
0.00 , 0 , 5256
0.00 , 0 , 5259
0.00 , 0 , 5262
0.00 , 0 , 5264
0.00 , 0 , 5267
0.00 , 0 , 5270
0.00 , 0 , 5272
0.00 , 0 , 5275
0.00 , 0 , 5278
0.00 , 0 , 5280
0.00 , 0 , 5283
0.00 , 0 , 5286
0.00 , 0 , 5288
0.00 , 0 , 5292
0.00 , 0 , 5295
0.00 , 0 , 5297
0.00 , 0 , 5300
0.00 , 0 , 5303
0.00 , 0 , 5305
0.00 , 0 , 5308
0.00 , 0 , 5311
0.00 , 0 , 5313
0.00 , 0 , 5316
0.00 , 0 , 5319
0.00 , 0 , 5321
0.00 , 0 , 5324
0.00 , 0 , 5327
0.00 , 0 , 5329
0.00 , 0 , 5332
0.00 , 0 , 5336
0.00 , 0 , 5338
0.00 , 0 , 5341
0.00 , 0 , 5344
0.00 , 0 , 5346
0.00 , 0 , 5349
0.00 , 0 , 5352
0.00 , 0 , 5354
0.00 , 0 , 5357
0.00 , 0 , 5360
0.00 , 0 , 5363
0.00 , 0 , 5365
0.00 , 0 , 5368
0.00 , 0 , 5371
0.00 , 0 , 5373
0.00 , 0 , 5377
0.00 , 0 , 5380
0.00 , 0 , 5382
0.00 , 0 , 5385
0.00 , 0 , 5388
0.00 , 0 , 5390
0.00 , 0 , 5393
0.00 , 0 , 5396
0.00 , 0 , 5398
0.00 , 0 , 5401
0.00 , 0 , 5404
0.00 , 0 , 5406
0.00 , 0 , 5409
0.00 , 0 , 5412
0.00 , 0 , 5414
0.00 , 0 , 5417
0.00 , 0 , 5421
0.00 , 0 , 5423
0.00 , 0 , 5426
0.00 , 0 , 5429
0.00 , 0 , 5431
0.00 , 0 , 5434
0.00 , 0 , 5437
0.00 , 0 , 5439
0.00 , 0 , 5442
0.00 , 0 , 5445
0.00 , 0 , 5447
0.00 , 0 , 5450
0.00 , 0 , 5453
0.00 , 0 , 5455
0.00 , 0 , 5458
0.00 , 0 , 5462
0.00 , 0 , 5464
0.00 , 0 , 5467
0.00 , 0 , 5470
0.00 , 0 , 5473
0.00 , 0 , 5475
0.00 , 0 , 5478
0.00 , 0 , 5481
0.00 , 0 , 5483
0.00 , 0 , 5486
0.00 , 0 , 5489
0.00 , 0 , 5491
0.00 , 0 , 5494
0.00 , 0 , 5497
0.00 , 0 , 5499
0.00 , 0 , 5502
0.00 , 0 , 5506
0.00 , 0 , 5508
0.00 , 0 , 5511
0.00 , 0 , 5514
0.00 , 0 , 5516
0.00 , 0 , 5519
0.00 , 0 , 5522
0.00 , 0 , 5524
0.00 , 0 , 5527
0.00 , 0 , 5530
0.00 , 0 , 5532
0.00 , 0 , 5535
0.00 , 0 , 5538
0.00 , 0 , 5540
0.00 , 0 , 5543
0.00 , 0 , 5547
0.00 , 0 , 5549
0.00 , 0 , 5552
0.00 , 0 , 5555
0.00 , 0 , 5557
0.00 , 0 , 5560
0.00 , 0 , 5563
0.00 , 0 , 5565
0.00 , 0 , 5568
0.00 , 0 , 5571
0.00 , 0 , 5573
0.00 , 0 , 5576
0.00 , 0 , 5579
0.00 , 0 , 5582
0.00 , 0 , 5584
0.00 , 0 , 5587
0.00 , 0 , 5591
0.00 , 0 , 5593
0.00 , 0 , 5596
0.00 , 0 , 5599
0.00 , 0 , 5601
0.00 , 0 , 5604
0.00 , 0 , 5607
0.00 , 0 , 5609
0.00 , 0 , 5612
0.00 , 0 , 5615
0.00 , 0 , 5617
0.00 , 0 , 5620
0.00 , 0 , 5623
0.00 , 0 , 5625
0.00 , 0 , 5628
0.00 , 0 , 5632
0.00 , 0 , 5634
0.00 , 0 , 5637
0.00 , 0 , 5640
0.00 , 0 , 5642
0.00 , 0 , 5645
0.00 , 0 , 5648
0.00 , 0 , 5650
0.00 , 0 , 5653
0.00 , 0 , 5656
0.00 , 0 , 5658
0.00 , 0 , 5661
0.00 , 0 , 5664
0.00 , 0 , 5666
0.00 , 0 , 5669
0.00 , 0 , 5672
0.00 , 0 , 5675
0.00 , 0 , 5678
0.00 , 0 , 5681
0.00 , 0 , 5683
0.00 , 0 , 5686
0.00 , 0 , 5689
0.00 , 0 , 5691
0.00 , 0 , 5694
0.00 , 0 , 5697
0.00 , 0 , 5700
0.00 , 0 , 5702
0.00 , 0 , 5705
0.00 , 0 , 5708
0.00 , 0 , 5710
0.00 , 0 , 5713
0.00 , 0 , 5716
0.00 , 0 , 5719
0.00 , 0 , 5722
0.00 , 0 , 5725
0.00 , 0 , 5727
0.00 , 0 , 5730
0.00 , 0 , 5733
0.00 , 0 , 5735
0.00 , 0 , 5738
0.00 , 0 , 5741
0.00 , 250 , 5743
0.00 , 250 , 5746
0.00 , 250 , 5749
0.00 , 250 , 5752
0.00 , 250 , 5754
0.00 , 250 , 5757
0.00 , 250 , 5761
0.00 , 250 , 5764
1.26 , 250 , 5767
1.26 , 250 , 5769
3.79 , 250 , 5772
5.05 , 250 , 5775
7.57 , 250 , 5778
10.10 , 250 , 5781
11.36 , 250 , 5784
12.62 , 250 , 5787
12.62 , 250 , 5789
11.36 , 250 , 5792
11.36 , 250 , 5795
11.36 , 250 , 5798
11.36 , 250 , 5801
11.36 , 250 , 5805
11.36 , 250 , 5808
11.36 , 250 , 5811
11.36 , 250 , 5813
11.36 , 250 , 5816
11.36 , 250 , 5819
11.36 , 250 , 5822
12.62 , 250 , 5825
12.62 , 250 , 5828
12.62 , 250 , 5831
13.88 , 250 , 5834
13.88 , 250 , 5836
15.15 , 250 , 5839
15.15 , 250 , 5842
16.41 , 250 , 5846
16.41 , 250 , 5849
16.41 , 250 , 5852
16.41 , 250 , 5855
16.41 , 250 , 5858
17.67 , 250 , 5860
17.67 , 250 , 5863
17.67 , 250 , 5866
17.67 , 250 , 5869
18.93 , 250 , 5872
18.93 , 250 , 5875
18.93 , 250 , 5878
18.93 , 250 , 5880
18.93 , 250 , 5883
20.19 , 0 , 5886
20.19 , 0 , 5890
21.46 , 0 , 5893
21.46 , 0 , 5895
21.46 , 0 , 5898
20.19 , 0 , 5901
20.19 , 0 , 5904
20.19 , 0 , 5907
18.93 , 0 , 5909
18.93 , 0 , 5912
18.93 , 0 , 5915
17.67 , 0 , 5918
17.67 , 0 , 5921
17.67 , 0 , 5923
16.41 , 0 , 5926
16.41 , 0 , 5929
16.41 , 0 , 5933
16.41 , 0 , 5935
15.15 , 0 , 5938
15.15 , 0 , 5941
15.15 , 0 , 5944
15.15 , 0 , 5947
15.15 , 0 , 5949
15.15 , 0 , 5952
15.15 , 0 , 5955
15.15 , 0 , 5958
15.15 , 0 , 5960
15.15 , 0 , 5963
15.15 , 0 , 5966
15.15 , 0 , 5969
16.41 , 0 , 5972
16.41 , 0 , 5975
16.41 , 0 , 5978
16.41 , 0 , 5981
16.41 , 0 , 5984
16.41 , 0 , 5987
16.41 , 0 , 5989
16.41 , 0 , 5992
16.41 , 0 , 5995
16.41 , 0 , 5998
16.41 , 0 , 6000
16.41 , 0 , 6003
16.41 , 0 , 6006
16.41 , 0 , 6009
16.41 , 0 , 6012
16.41 , 0 , 6014
16.41 , 0 , 6018
16.41 , 0 , 6021
16.41 , 0 , 6024
15.15 , 0 , 6026
15.15 , 0 , 6029
15.15 , 0 , 6032
13.88 , 0 , 6035
13.88 , 0 , 6038
12.62 , 0 , 6040
12.62 , 0 , 6043
11.36 , 0 , 6046
11.36 , 0 , 6049
10.10 , 0 , 6052
10.10 , 0 , 6054
8.84 , 0 , 6057
8.84 , 0 , 6061
7.57 , 0 , 6064
7.57 , 0 , 6066
7.57 , 0 , 6069
6.31 , 0 , 6072
6.31 , 0 , 6074
5.05 , 0 , 6077
5.05 , 0 , 6080
3.79 , 0 , 6083
3.79 , 0 , 6085
3.79 , 0 , 6088
2.52 , 0 , 6091
2.52 , 0 , 6094
2.52 , 0 , 6096
1.26 , 0 , 6099
1.26 , 0 , 6103
1.26 , 0 , 6105
0.00 , 0 , 6108
0.00 , 0 , 6111
0.00 , 0 , 6113
0.00 , 0 , 6116
-1.26 , 0 , 6119
-1.26 , 0 , 6122
-1.26 , 0 , 6124
-1.26 , 0 , 6127
-1.26 , 0 , 6130
-2.52 , 0 , 6133
-2.52 , 0 , 6135
-2.52 , 0 , 6138
-2.52 , 0 , 6141
-2.52 , 0 , 6144
-2.52 , 0 , 6147
-1.26 , 0 , 6150
-1.26 , 0 , 6153
-1.26 , 0 , 6155
-1.26 , 0 , 6158
-1.26 , 0 , 6161
-1.26 , 0 , 6164
0.00 , 0 , 6166
0.00 , 0 , 6169
0.00 , 0 , 6172
0.00 , 0 , 6174
0.00 , 0 , 6177
1.26 , 0 , 6180
1.26 , 0 , 6182
1.26 , 0 , 6185
1.26 , 0 , 6189
1.26 , 0 , 6192
1.26 , 0 , 6194
1.26 , 0 , 6197
1.26 , 0 , 6200
1.26 , 0 , 6203
1.26 , 0 , 6205
1.26 , 0 , 6208
1.26 , 0 , 6211
1.26 , 0 , 6213
1.26 , 0 , 6216
1.26 , 0 , 6219
1.26 , 0 , 6222
2.52 , 0 , 6224
2.52 , 0 , 6227
2.52 , 0 , 6231
2.52 , 0 , 6233
2.52 , 0 , 6236
2.52 , 0 , 6239
2.52 , 0 , 6242
2.52 , 0 , 6244
2.52 , 0 , 6247
2.52 , 0 , 6250
2.52 , 0 , 6253
2.52 , 0 , 6255
2.52 , 0 , 6258
2.52 , 0 , 6261
2.52 , 0 , 6263
2.52 , 0 , 6266
2.52 , 0 , 6269
2.52 , 0 , 6273
2.52 , 0 , 6275
2.52 , 0 , 6278
2.52 , 0 , 6281
2.52 , 0 , 6284
2.52 , 0 , 6286
2.52 , 0 , 6289
2.52 , 0 , 6292
2.52 , 0 , 6294
2.52 , 0 , 6297
2.52 , 0 , 6300
2.52 , 0 , 6303
2.52 , 0 , 6305
2.52 , 0 , 6308
2.52 , 0 , 6311
2.52 , 0 , 6313
2.52 , 0 , 6317
2.52 , 0 , 6320
2.52 , 0 , 6323
2.52 , 0 , 6325
2.52 , 0 , 6328
2.52 , 0 , 6331
2.52 , 0 , 6334
2.52 , 0 , 6336
2.52 , 0 , 6339
2.52 , 0 , 6342
2.52 , 0 , 6344
2.52 , 0 , 6347
2.52 , 0 , 6350
2.52 , 0 , 6353
2.52 , 0 , 6355
2.52 , 0 , 6359
2.52 , 0 , 6362
2.52 , 0 , 6365
2.52 , 0 , 6367
2.52 , 0 , 6370
2.52 , 0 , 6373
2.52 , 0 , 6375
2.52 , 0 , 6378
2.52 , 0 , 6381
2.52 , 0 , 6384
2.52 , 0 , 6386
2.52 , 0 , 6389
2.52 , 0 , 6392
2.52 , 0 , 6395
2.52 , 0 , 6397
2.52 , 0 , 6401
2.52 , 0 , 6404
2.52 , 0 , 6406
2.52 , 0 , 6409
2.52 , 0 , 6412
2.52 , 0 , 6415
2.52 , 0 , 6417
2.52 , 0 , 6420
2.52 , 0 , 6423
2.52 , 0 , 6426
2.52 , 0 , 6428
2.52 , 0 , 6431
2.52 , 0 , 6434
2.52 , 0 , 6436
2.52 , 0 , 6439
2.52 , 0 , 6443
2.52 , 0 , 6446
2.52 , 0 , 6448
2.52 , 0 , 6451
2.52 , 0 , 6454
2.52 , 0 , 6456
2.52 , 0 , 6459
2.52 , 0 , 6462
2.52 , 0 , 6465
2.52 , 0 , 6467
2.52 , 0 , 6470
2.52 , 0 , 6473
2.52 , 0 , 6476
2.52 , 0 , 6478
2.52 , 0 , 6481
2.52 , 0 , 6484
2.52 , 0 , 6487
2.52 , 0 , 6490
2.52 , 0 , 6493
2.52 , 0 , 6496
2.52 , 0 , 6498
2.52 , 0 , 6501
2.52 , 0 , 6504
2.52 , 0 , 6506
2.52 , 0 , 6509
2.52 , 0 , 6512
2.52 , 0 , 6515
2.52 , 0 , 6517
2.52 , 0 , 6520
2.52 , 0 , 6523
2.52 , 0 , 6526
2.52 , 0 , 6529
2.52 , 0 , 6532
2.52 , 0 , 6535
2.52 , 0 , 6537
2.52 , 0 , 6540
2.52 , 0 , 6543
2.52 , 0 , 6546
2.52 , 0 , 6548
2.52 , 0 , 6551
2.52 , 0 , 6554
2.52 , 0 , 6557
2.52 , 0 , 6559
2.52 , 0 , 6562
2.52 , 0 , 6565
2.52 , 0 , 6567
2.52 , 0 , 6571
2.52 , 0 , 6574
2.52 , 0 , 6577
2.52 , 0 , 6579
2.52 , 0 , 6582
2.52 , 0 , 6585
2.52 , 0 , 6587
2.52 , 0 , 6590
2.52 , 0 , 6593
2.52 , 0 , 6596
2.52 , 0 , 6598
2.52 , 0 , 6601
2.52 , 0 , 6604
2.52 , 0 , 6607
2.52 , 0 , 6609
2.52 , 0 , 6612
2.52 , 0 , 6616
2.52 , 0 , 6618
2.52 , 0 , 6621
2.52 , 0 , 6624
2.52 , 0 , 6627
2.52 , 0 , 6629
2.52 , 0 , 6632
2.52 , 0 , 6635
2.52 , 0 , 6638
2.52 , 0 , 6640
2.52 , 0 , 6643
2.52 , 0 , 6646
2.52 , 0 , 6648
2.52 , 0 , 6651
2.52 , 0 , 6654
2.52 , 0 , 6658
2.52 , 0 , 6660
2.52 , 0 , 6663
2.52 , 0 , 6666
2.52 , 0 , 6668
2.52 , 0 , 6671
2.52 , 0 , 6674
2.52 , 0 , 6677
2.52 , 0 , 6679
2.52 , 0 , 6682
2.52 , 0 , 6685
2.52 , 0 , 6688
2.52 , 0 , 6690
2.52 , 0 , 6693
2.52 , 0 , 6696
2.52 , 0 , 6699
2.52 , 0 , 6702
2.52 , 0 , 6705
2.52 , 0 , 6708
2.52 , 0 , 6710
2.52 , 0 , 6713
2.52 , 0 , 6716
2.52 , 0 , 6719
2.52 , 0 , 6721
2.52 , 0 , 6724
2.52 , 0 , 6727
2.52 , 0 , 6729
2.52 , 0 , 6732
2.52 , 0 , 6735
2.52 , 0 , 6738
2.52 , 0 , 6740
2.52 , 0 , 6744
2.52 , 0 , 6747
2.52 , 0 , 6749
2.52 , 0 , 6752
2.52 , 0 , 6755
2.52 , 0 , 6758
2.52 , 0 , 6760
2.52 , 0 , 6763
2.52 , 0 , 6766
2.52 , 0 , 6769
2.52 , 0 , 6771
2.52 , 0 , 6774
2.52 , 0 , 6777
2.52 , 0 , 6779
2.52 , 0 , 6782
2.52 , 0 , 6786
2.52 , 0 , 6789
2.52 , 0 , 6791
2.52 , 0 , 6794
2.52 , 0 , 6797
2.52 , 0 , 6800
2.52 , 0 , 6802
2.52 , 0 , 6805
2.52 , 0 , 6808
2.52 , 0 , 6810
2.52 , 0 , 6813
2.52 , 0 , 6816
2.52 , 0 , 6819
2.52 , 0 , 6821
2.52 , 0 , 6824
2.52 , 0 , 6828
2.52 , 0 , 6830
2.52 , 0 , 6833
2.52 , 0 , 6836
2.52 , 0 , 6839
2.52 , 0 , 6841
2.52 , 0 , 6844
2.52 , 0 , 6847
2.52 , 0 , 6850
2.52 , 0 , 6852
2.52 , 0 , 6855
2.52 , 0 , 6858
2.52 , 0 , 6860
2.52 , 0 , 6863
2.52 , 0 , 6866
2.52 , 0 , 6870
2.52 , 0 , 6872
2.52 , 0 , 6875
2.52 , 0 , 6878
2.52 , 0 , 6880
2.52 , 0 , 6883
2.52 , 0 , 6886
2.52 , 0 , 6889
2.52 , 0 , 6891
2.52 , 0 , 6894
2.52 , 0 , 6897
2.52 , 0 , 6900
2.52 , 0 , 6902
2.52 , 0 , 6905
2.52 , 0 , 6908
2.52 , 0 , 6910
2.52 , 0 , 6914
2.52 , 0 , 6917
2.52 , 0 , 6920
2.52 , 0 , 6922
2.52 , 0 , 6925
2.52 , 0 , 6928
2.52 , 0 , 6931
2.52 , 0 , 6933
2.52 , 0 , 6936
2.52 , 0 , 6939
2.52 , 0 , 6941
2.52 , 0 , 6944
2.52 , 0 , 6947
2.52 , 0 , 6950
2.52 , 0 , 6952
2.52 , 0 , 6956
2.52 , 0 , 6959
2.52 , 0 , 6962
2.52 , 0 , 6964
2.52 , 0 , 6967
2.52 , 0 , 6970
2.52 , 0 , 6972
2.52 , 0 , 6975
2.52 , 0 , 6978
2.52 , 0 , 6981
2.52 , 0 , 6983
2.52 , 0 , 6986
2.52 , 0 , 6989
2.52 , 0 , 6991
2.52 , 0 , 6994
2.52 , 0 , 6998
2.52 , 0 , 7001
2.52 , 0 , 7003
2.52 , 0 , 7006
2.52 , 0 , 7009
2.52 , 0 , 7012
2.52 , 0 , 7014
2.52 , 0 , 7017
2.52 , 0 , 7020
2.52 , 0 , 7022
2.52 , 0 , 7025
2.52 , 0 , 7028
2.52 , 0 , 7031
2.52 , 0 , 7033
2.52 , 0 , 7036
2.52 , 0 , 7040
2.52 , 0 , 7043
2.52 , 0 , 7045
2.52 , 0 , 7048
2.52 , 0 , 7051
2.52 , 0 , 7053
2.52 , 0 , 7056
2.52 , 0 , 7059
2.52 , 0 , 7062
2.52 , 0 , 7064
2.52 , 0 , 7067
2.52 , 0 , 7070
2.52 , 0 , 7073
2.52 , 0 , 7075
2.52 , 0 , 7078
2.52 , 0 , 7081
2.52 , 0 , 7084
2.52 , 0 , 7087
2.52 , 0 , 7090
2.52 , 0 , 7093
2.52 , 0 , 7095
2.52 , 0 , 7098
2.52 , 0 , 7101
2.52 , 0 , 7103
2.52 , 0 , 7106
2.52 , 0 , 7109
2.52 , 0 , 7112
2.52 , 0 , 7114
2.52 , 0 , 7117
2.52 , 0 , 7120
2.52 , 0 , 7123
2.52 , 0 , 7126
2.52 , 0 , 7129
2.52 , 0 , 7132
2.52 , 0 , 7134
2.52 , 0 , 7137
2.52 , 0 , 7140
2.52 , 0 , 7143
2.52 , 230 , 7145
2.52 , 230 , 7148
2.52 , 230 , 7151
3.79 , 230 , 7154
5.05 , 230 , 7157
7.57 , 230 , 7160
8.84 , 230 , 7162
11.36 , 230 , 7165
11.36 , 230 , 7169
11.36 , 230 , 7172
11.36 , 230 , 7175
11.36 , 230 , 7178
11.36 , 230 , 7181
11.36 , 230 , 7183
12.62 , 230 , 7186
12.62 , 230 , 7189
12.62 , 230 , 7192
12.62 , 230 , 7195
12.62 , 230 , 7198
12.62 , 230 , 7201
12.62 , 230 , 7204
12.62 , 230 , 7206
12.62 , 230 , 7209
13.88 , 230 , 7213
13.88 , 230 , 7216
15.15 , 230 , 7219
15.15 , 230 , 7222
16.41 , 230 , 7225
16.41 , 230 , 7228
16.41 , 230 , 7231
16.41 , 230 , 7233
16.41 , 230 , 7236
17.67 , 230 , 7239
17.67 , 230 , 7242
17.67 , 230 , 7245
18.93 , 230 , 7248
18.93 , 230 , 7251
20.19 , 230 , 7255
20.19 , 230 , 7257
20.19 , 230 , 7260
20.19 , 230 , 7263
20.19 , 230 , 7266
20.19 , 230 , 7269
20.19 , 230 , 7272
20.19 , 230 , 7275
21.46 , 230 , 7278
22.72 , 230 , 7280
22.72 , 230 , 7283
23.98 , 230 , 7286
23.98 , 230 , 7289
23.98 , 230 , 7292
23.98 , 230 , 7296
23.98 , 230 , 7299
23.98 , 230 , 7301
23.98 , 230 , 7304
25.24 , 230 , 7307
25.24 , 230 , 7310
26.51 , 230 , 7313
26.51 , 230 , 7316
27.77 , 230 , 7319
27.77 , 230 , 7322
27.77 , 230 , 7325
27.77 , 230 , 7327
27.77 , 230 , 7330
27.77 , 230 , 7333
29.03 , 230 , 7336
29.03 , 230 , 7340
30.29 , 230 , 7343
31.55 , 230 , 7346
31.55 , 230 , 7349
31.55 , 230 , 7351
31.55 , 230 , 7354
31.55 , 230 , 7357
32.82 , 230 , 7360
32.82 , 230 , 7363
32.82 , 230 , 7366
32.82 , 230 , 7369
34.08 , 230 , 7371
34.08 , 230 , 7374
35.34 , 230 , 7377
36.60 , 0 , 7380
36.60 , 0 , 7384
36.60 , 0 , 7387
36.60 , 0 , 7389
36.60 , 0 , 7392
36.60 , 0 , 7395
35.34 , 0 , 7398
35.34 , 0 , 7400
35.34 , 0 , 7403
34.08 , 0 , 7406
34.08 , 0 , 7409
34.08 , 0 , 7412
34.08 , 0 , 7414
32.82 , 0 , 7417
32.82 , 0 , 7420
32.82 , 0 , 7424
32.82 , 0 , 7427
32.82 , 0 , 7429
31.55 , 0 , 7432
31.55 , 0 , 7435
31.55 , 0 , 7438
31.55 , 0 , 7440
31.55 , 0 , 7443
31.55 , 0 , 7446
31.55 , 0 , 7449
31.55 , 0 , 7452
31.55 , 0 , 7454
31.55 , 0 , 7457
31.55 , 0 , 7460
31.55 , 0 , 7463
31.55 , 0 , 7467
31.55 , 0 , 7469
31.55 , 0 , 7472
31.55 , 0 , 7475
32.82 , 0 , 7478
32.82 , 0 , 7480
32.82 , 0 , 7483
32.82 , 0 , 7486
32.82 , 0 , 7489
32.82 , 0 , 7492
32.82 , 0 , 7494
32.82 , 0 , 7497
32.82 , 0 , 7500
32.82 , 0 , 7503
32.82 , 0 , 7505
32.82 , 0 , 7508
32.82 , 0 , 7512
32.82 , 0 , 7515
32.82 , 0 , 7518
32.82 , 0 , 7520
32.82 , 0 , 7523
32.82 , 0 , 7526
32.82 , 0 , 7529
32.82 , 0 , 7532
31.55 , 0 , 7534
31.55 , 0 , 7537
31.55 , 0 , 7540
31.55 , 0 , 7543
30.29 , 0 , 7545
30.29 , 0 , 7548
30.29 , 0 , 7552
29.03 , 0 , 7555
29.03 , 0 , 7558
27.77 , 0 , 7560
27.77 , 0 , 7563
26.51 , 0 , 7566
26.51 , 0 , 7569
25.24 , 0 , 7571
25.24 , 0 , 7574
25.24 , 0 , 7577
23.98 , 0 , 7580
23.98 , 0 , 7583
22.72 , 0 , 7585
22.72 , 0 , 7588
21.46 , 0 , 7591
21.46 , 0 , 7595
21.46 , 0 , 7598
20.19 , 0 , 7600
20.19 , 0 , 7603
18.93 , 0 , 7606
18.93 , 0 , 7609
17.67 , 0 , 7612
17.67 , 0 , 7614
17.67 , 0 , 7617
16.41 , 0 , 7620
16.41 , 0 , 7623
15.15 , 0 , 7625
15.15 , 0 , 7628
13.88 , 0 , 7631
13.88 , 0 , 7634
12.62 , 0 , 7638
11.36 , 0 , 7640
11.36 , 0 , 7643
10.10 , 0 , 7646
10.10 , 0 , 7649
8.84 , 0 , 7651
7.57 , 0 , 7654
7.57 , 0 , 7657
6.31 , 0 , 7660
5.05 , 0 , 7662
5.05 , 0 , 7665
3.79 , 0 , 7668
2.52 , 0 , 7671
2.52 , 0 , 7673
1.26 , 0 , 7676
1.26 , 0 , 7680
0.00 , 0 , 7682
-1.26 , 0 , 7685
-1.26 , 0 , 7688
-2.52 , 0 , 7691
-2.52 , 0 , 7693
-3.79 , 0 , 7696
-3.79 , 0 , 7699
-3.79 , 0 , 7702
-5.05 , 0 , 7704
-5.05 , 0 , 7707
-5.05 , 0 , 7710
-5.05 , 0 , 7713
-5.05 , 0 , 7715
-3.79 , 0 , 7718
-3.79 , 0 , 7721
-3.79 , 0 , 7725
-3.79 , 0 , 7727
-3.79 , 0 , 7730
-3.79 , 0 , 7733
-3.79 , 0 , 7735
-2.52 , 0 , 7738
-2.52 , 0 , 7741
-2.52 , 0 , 7744
-2.52 , 0 , 7746
-1.26 , 0 , 7749
-1.26 , 0 , 7752
-1.26 , 0 , 7755
0.00 , 0 , 7757
0.00 , 0 , 7760
0.00 , 0 , 7763
0.00 , 0 , 7766
0.00 , 0 , 7769
1.26 , 0 , 7772
1.26 , 0 , 7774
1.26 , 0 , 7777
1.26 , 0 , 7780
1.26 , 0 , 7783
2.52 , 0 , 7785
2.52 , 0 , 7788
2.52 , 0 , 7791
2.52 , 0 , 7794
2.52 , 0 , 7796
2.52 , 0 , 7799
3.79 , 0 , 7802
3.79 , 0 , 7804
3.79 , 0 , 7808
3.79 , 0 , 7811
3.79 , 0 , 7814
3.79 , 0 , 7816
3.79 , 0 , 7819
3.79 , 0 , 7822
3.79 , 0 , 7825
3.79 , 0 , 7827
3.79 , 0 , 7830
3.79 , 0 , 7833
3.79 , 0 , 7835
3.79 , 0 , 7838
3.79 , 0 , 7841
3.79 , 0 , 7844
3.79 , 0 , 7846
3.79 , 0 , 7849
3.79 , 0 , 7853
3.79 , 0 , 7856
2.52 , 0 , 7858
2.52 , 0 , 7861
2.52 , 0 , 7864
2.52 , 0 , 7866
2.52 , 0 , 7869
2.52 , 0 , 7872
2.52 , 0 , 7875
2.52 , 0 , 7877
2.52 , 0 , 7880
1.26 , 0 , 7883
1.26 , 0 , 7886
1.26 , 0 , 7888
1.26 , 0 , 7891
1.26 , 0 , 7895
1.26 , 0 , 7897
1.26 , 0 , 7900
1.26 , 0 , 7903
1.26 , 0 , 7906
1.26 , 0 , 7908
1.26 , 0 , 7911
1.26 , 0 , 7914
1.26 , 0 , 7917
1.26 , 0 , 7919
1.26 , 0 , 7922
1.26 , 0 , 7925
1.26 , 0 , 7927
1.26 , 0 , 7930
1.26 , 0 , 7933
1.26 , 0 , 7937
1.26 , 0 , 7939
1.26 , 0 , 7942
1.26 , 0 , 7945
1.26 , 0 , 7948
1.26 , 0 , 7950
1.26 , 0 , 7953
1.26 , 0 , 7956
1.26 , 0 , 7958
1.26 , 0 , 7961
1.26 , 0 , 7964
1.26 , 0 , 7967
1.26 , 0 , 7969
1.26 , 0 , 7972
1.26 , 0 , 7975
1.26 , 0 , 7979
1.26 , 0 , 7981
1.26 , 0 , 7984
1.26 , 0 , 7987
1.26 , 0 , 7989
1.26 , 0 , 7992
1.26 , 0 , 7995
1.26 , 0 , 7998
1.26 , 0 , 8000
1.26 , 0 , 8003
1.26 , 0 , 8006
1.26 , 0 , 8009
1.26 , 0 , 8011
1.26 , 0 , 8014
1.26 , 0 , 8017
1.26 , 0 , 8019
1.26 , 0 , 8023
1.26 , 0 , 8026
1.26 , 0 , 8029
1.26 , 0 , 8031
1.26 , 0 , 8034
1.26 , 0 , 8037
1.26 , 0 , 8040
1.26 , 0 , 8042
1.26 , 0 , 8045
1.26 , 0 , 8048
1.26 , 0 , 8050
1.26 , 0 , 8053
1.26 , 0 , 8056
1.26 , 0 , 8059
1.26 , 0 , 8061
1.26 , 0 , 8065
1.26 , 0 , 8068
1.26 , 0 , 8071
1.26 , 0 , 8073
1.26 , 0 , 8076
1.26 , 0 , 8079
1.26 , 0 , 8081
1.26 , 0 , 8084
1.26 , 0 , 8087
1.26 , 0 , 8090
1.26 , 0 , 8092
1.26 , 0 , 8095
1.26 , 0 , 8098
1.26 , 0 , 8100
1.26 , 0 , 8103
1.26 , 0 , 8107
1.26 , 0 , 8110
1.26 , 0 , 8112
1.26 , 0 , 8115
1.26 , 0 , 8118
1.26 , 0 , 8121
1.26 , 0 , 8123
1.26 , 0 , 8126
1.26 , 0 , 8129
1.26 , 0 , 8131
1.26 , 0 , 8134
1.26 , 0 , 8137
1.26 , 0 , 8140
1.26 , 0 , 8142
1.26 , 0 , 8145
1.26 , 0 , 8148
1.26 , 0 , 8152
1.26 , 0 , 8154
1.26 , 0 , 8157
1.26 , 0 , 8160
1.26 , 0 , 8162
1.26 , 0 , 8165
1.26 , 0 , 8168
1.26 , 0 , 8171
1.26 , 0 , 8173
1.26 , 0 , 8176
1.26 , 0 , 8179
1.26 , 0 , 8182
1.26 , 0 , 8184
1.26 , 0 , 8187
1.26 , 0 , 8190
1.26 , 0 , 8193
1.26 , 0 , 8196
1.26 , 0 , 8199
1.26 , 0 , 8202
1.26 , 0 , 8204
1.26 , 0 , 8207
1.26 , 0 , 8210
1.26 , 0 , 8213
1.26 , 0 , 8215
1.26 , 0 , 8218
1.26 , 0 , 8221
1.26 , 0 , 8223
1.26 , 0 , 8226
1.26 , 0 , 8229
1.26 , 0 , 8232
1.26 , 0 , 8235
1.26 , 0 , 8238
1.26 , 0 , 8241
1.26 , 0 , 8243
1.26 , 0 , 8246
1.26 , 0 , 8249
1.26 , 0 , 8252
1.26 , 0 , 8254
1.26 , 0 , 8257
1.26 , 0 , 8260
1.26 , 0 , 8263
1.26 , 0 , 8265
1.26 , 0 , 8268
1.26 , 0 , 8271
1.26 , 0 , 8273
1.26 , 0 , 8276
1.26 , 0 , 8280
1.26 , 0 , 8283
1.26 , 0 , 8285
1.26 , 0 , 8288
1.26 , 0 , 8291
1.26 , 0 , 8294
1.26 , 0 , 8296
1.26 , 0 , 8299
1.26 , 0 , 8302
1.26 , 0 , 8304
1.26 , 0 , 8307
1.26 , 0 , 8310
1.26 , 0 , 8313
1.26 , 0 , 8315
1.26 , 0 , 8318
1.26 , 0 , 8322
1.26 , 0 , 8325
1.26 , 0 , 8327
1.26 , 0 , 8330
1.26 , 0 , 8333
1.26 , 0 , 8335
1.26 , 0 , 8338
1.26 , 0 , 8341
1.26 , 0 , 8344
1.26 , 0 , 8346
1.26 , 0 , 8349
1.26 , 0 , 8352
1.26 , 0 , 8354
1.26 , 0 , 8357
1.26 , 0 , 8360
1.26 , 0 , 8364
1.26 , 0 , 8366
1.26 , 0 , 8369
1.26 , 0 , 8372
1.26 , 0 , 8375
1.26 , 0 , 8377
1.26 , 0 , 8380
1.26 , 0 , 8383
1.26 , 0 , 8385
1.26 , 0 , 8388
1.26 , 0 , 8391
1.26 , 0 , 8394
1.26 , 0 , 8396
1.26 , 0 , 8399
1.26 , 0 , 8402
1.26 , 0 , 8406
1.26 , 0 , 8408
1.26 , 0 , 8411
1.26 , 0 , 8414
1.26 , 0 , 8416
1.26 , 0 , 8419
1.26 , 0 , 8422
1.26 , 0 , 8425
1.26 , 0 , 8427
1.26 , 0 , 8430
1.26 , 0 , 8433
1.26 , 0 , 8436
1.26 , 0 , 8438
1.26 , 0 , 8441
1.26 , 0 , 8444
1.26 , 0 , 8446
1.26 , 0 , 8450
1.26 , 0 , 8453
1.26 , 0 , 8456
1.26 , 0 , 8458
1.26 , 0 , 8461
1.26 , 0 , 8464
1.26 , 0 , 8466
1.26 , 0 , 8469
1.26 , 0 , 8472
1.26 , 0 , 8475
1.26 , 0 , 8477
1.26 , 0 , 8480
1.26 , 0 , 8483
1.26 , 0 , 8486
1.26 , 0 , 8488
1.26 , 0 , 8492
1.26 , 0 , 8495
1.26 , 0 , 8497
1.26 , 0 , 8500
1.26 , 0 , 8503
1.26 , 0 , 8506
1.26 , 0 , 8508
1.26 , 0 , 8511
1.26 , 0 , 8514
1.26 , 0 , 8517
1.26 , 0 , 8519
1.26 , 0 , 8522
1.26 , 0 , 8525
1.26 , 0 , 8527
1.26 , 0 , 8530
1.26 , 0 , 8534
1.26 , 0 , 8537
1.26 , 0 , 8539
1.26 , 0 , 8542
1.26 , 0 , 8545
1.26 , 0 , 8548
1.26 , 0 , 8550
1.26 , 0 , 8553
1.26 , 0 , 8556
1.26 , 250 , 8559
1.26 , 250 , 8561
1.26 , 250 , 8564
2.52 , 250 , 8567
3.79 , 250 , 8570
5.05 , 250 , 8573
6.31 , 250 , 8576
7.57 , 250 , 8579
8.84 , 250 , 8582
10.10 , 250 , 8585
10.10 , 250 , 8588
10.10 , 250 , 8591
10.10 , 250 , 8594
10.10 , 250 , 8596
10.10 , 250 , 8599
10.10 , 250 , 8602
10.10 , 250 , 8605
10.10 , 250 , 8608
10.10 , 250 , 8611
10.10 , 250 , 8614
11.36 , 250 , 8617
11.36 , 250 , 8620
11.36 , 250 , 8623
11.36 , 250 , 8626
11.36 , 250 , 8629
11.36 , 250 , 8632
11.36 , 250 , 8635
12.62 , 250 , 8638
12.62 , 250 , 8641
13.88 , 250 , 8643
13.88 , 250 , 8646
15.15 , 250 , 8649
15.15 , 250 , 8652
15.15 , 250 , 8655
15.15 , 250 , 8658
15.15 , 250 , 8662
16.41 , 250 , 8665
16.41 , 250 , 8668
16.41 , 250 , 8670
16.41 , 250 , 8673
16.41 , 0 , 8676
17.67 , 0 , 8679
17.67 , 0 , 8682
17.67 , 0 , 8684
17.67 , 0 , 8687
16.41 , 0 , 8690
16.41 , 0 , 8693
16.41 , 0 , 8696
15.15 , 0 , 8698
15.15 , 0 , 8701
15.15 , 0 , 8705
13.88 , 0 , 8708
13.88 , 0 , 8710
13.88 , 0 , 8713
13.88 , 0 , 8716
12.62 , 0 , 8719
12.62 , 0 , 8722
12.62 , 0 , 8724
12.62 , 0 , 8727
11.36 , 0 , 8730
11.36 , 0 , 8733
11.36 , 0 , 8736
11.36 , 0 , 8738
11.36 , 0 , 8741
11.36 , 0 , 8744
10.10 , 0 , 8748
10.10 , 0 , 8750
10.10 , 0 , 8753
10.10 , 0 , 8756
10.10 , 0 , 8759
10.10 , 0 , 8762
10.10 , 0 , 8764
10.10 , 0 , 8767
10.10 , 0 , 8770
10.10 , 0 , 8773
10.10 , 0 , 8775
10.10 , 0 , 8778
10.10 , 0 , 8781
10.10 , 0 , 8784
10.10 , 0 , 8787
10.10 , 0 , 8790
10.10 , 0 , 8793
10.10 , 0 , 8796
10.10 , 0 , 8799
10.10 , 0 , 8801
10.10 , 0 , 8804
10.10 , 0 , 8807
10.10 , 0 , 8810
8.84 , 0 , 8813
8.84 , 0 , 8815
7.57 , 0 , 8818
7.57 , 0 , 8821
6.31 , 0 , 8823
6.31 , 0 , 8826
5.05 , 0 , 8829
5.05 , 0 , 8833
3.79 , 0 , 8835
3.79 , 0 , 8838
2.52 , 0 , 8841
2.52 , 0 , 8844
1.26 , 0 , 8846
1.26 , 0 , 8849
0.00 , 0 , 8852
0.00 , 0 , 8854
-1.26 , 0 , 8857
-1.26 , 0 , 8860
-1.26 , 0 , 8863
-2.52 , 0 , 8865
-2.52 , 0 , 8868
-2.52 , 0 , 8871
-3.79 , 0 , 8875
-3.79 , 0 , 8877
-3.79 , 0 , 8880
-3.79 , 0 , 8883
-3.79 , 0 , 8886
-3.79 , 0 , 8888
-3.79 , 0 , 8891
-3.79 , 0 , 8894
-2.52 , 0 , 8896
-2.52 , 0 , 8899
-2.52 , 0 , 8902
-2.52 , 0 , 8905
-2.52 , 0 , 8907
-2.52 , 0 , 8910
-2.52 , 0 , 8913
-2.52 , 0 , 8916
-2.52 , 0 , 8919
-2.52 , 0 , 8922
-1.26 , 0 , 8925
-1.26 , 0 , 8928
-1.26 , 0 , 8930
-1.26 , 0 , 8933
-1.26 , 0 , 8936
-1.26 , 0 , 8939
-1.26 , 0 , 8941
-1.26 , 0 , 8944
-1.26 , 0 , 8947
-1.26 , 0 , 8949
0.00 , 0 , 8952
0.00 , 0 , 8955
0.00 , 0 , 8958
0.00 , 0 , 8961
0.00 , 0 , 8964
0.00 , 0 , 8967
0.00 , 0 , 8969
0.00 , 0 , 8972
0.00 , 0 , 8975
0.00 , 0 , 8977
0.00 , 0 , 8980
0.00 , 0 , 8983
0.00 , 0 , 8985
0.00 , 0 , 8988
0.00 , 0 , 8991
0.00 , 0 , 8993
0.00 , 0 , 8996
0.00 , 0 , 8999
0.00 , 0 , 9001
0.00 , 0 , 9005
0.00 , 0 , 9008
0.00 , 0 , 9010
0.00 , 0 , 9013
0.00 , 0 , 9016
0.00 , 0 , 9018
0.00 , 0 , 9021
0.00 , 0 , 9024
0.00 , 0 , 9026
0.00 , 0 , 9029
0.00 , 0 , 9032
0.00 , 0 , 9034
0.00 , 0 , 9037
0.00 , 0 , 9040
0.00 , 0 , 9042
0.00 , 0 , 9046
0.00 , 0 , 9049
0.00 , 0 , 9052
0.00 , 0 , 9054
0.00 , 0 , 9057
0.00 , 0 , 9060
0.00 , 0 , 9062
0.00 , 0 , 9065
0.00 , 0 , 9068
0.00 , 0 , 9070
0.00 , 0 , 9073
0.00 , 0 , 9076
0.00 , 0 , 9078
0.00 , 0 , 9081
0.00 , 0 , 9084
0.00 , 0 , 9086
0.00 , 0 , 9090
0.00 , 0 , 9093
0.00 , 0 , 9095
0.00 , 0 , 9098
0.00 , 0 , 9101
0.00 , 0 , 9103
0.00 , 0 , 9106
0.00 , 0 , 9109
0.00 , 0 , 9111
0.00 , 0 , 9114
0.00 , 0 , 9117
0.00 , 0 , 9119
0.00 , 0 , 9122
0.00 , 0 , 9125
0.00 , 0 , 9127
0.00 , 0 , 9131
0.00 , 0 , 9134
0.00 , 0 , 9137
0.00 , 0 , 9139
0.00 , 0 , 9142
0.00 , 0 , 9145
0.00 , 0 , 9147
0.00 , 0 , 9150
0.00 , 0 , 9153
0.00 , 0 , 9155
0.00 , 0 , 9158
0.00 , 0 , 9161
0.00 , 0 , 9163
0.00 , 0 , 9166
0.00 , 0 , 9169
0.00 , 0 , 9171
0.00 , 0 , 9175
0.00 , 0 , 9178
0.00 , 0 , 9180
0.00 , 0 , 9183
0.00 , 0 , 9186
0.00 , 0 , 9188
0.00 , 0 , 9191
0.00 , 0 , 9194
0.00 , 0 , 9196
0.00 , 0 , 9199
0.00 , 0 , 9202
0.00 , 0 , 9204
0.00 , 0 , 9207
0.00 , 0 , 9210
0.00 , 0 , 9212
0.00 , 0 , 9216
0.00 , 0 , 9219
0.00 , 0 , 9222
0.00 , 0 , 9224
0.00 , 0 , 9227
0.00 , 0 , 9230
0.00 , 0 , 9232
0.00 , 0 , 9235
0.00 , 0 , 9238
0.00 , 0 , 9240
0.00 , 0 , 9243
0.00 , 0 , 9246
0.00 , 0 , 9248
0.00 , 0 , 9251
0.00 , 0 , 9254
0.00 , 0 , 9256
0.00 , 0 , 9260
0.00 , 0 , 9263
0.00 , 0 , 9265
0.00 , 0 , 9268
0.00 , 0 , 9271
0.00 , 0 , 9273
0.00 , 0 , 9276
0.00 , 0 , 9279
0.00 , 0 , 9281
0.00 , 0 , 9284
0.00 , 0 , 9287
0.00 , 0 , 9289
0.00 , 0 , 9292
0.00 , 0 , 9295
0.00 , 0 , 9297
0.00 , 0 , 9300
0.00 , 0 , 9304
0.00 , 0 , 9307
0.00 , 0 , 9309
0.00 , 0 , 9312
0.00 , 0 , 9315
0.00 , 0 , 9317
0.00 , 0 , 9320
0.00 , 0 , 9323
0.00 , 0 , 9325
0.00 , 0 , 9328
0.00 , 0 , 9331
0.00 , 0 , 9333
0.00 , 0 , 9336
0.00 , 0 , 9339
0.00 , 0 , 9341
0.00 , 0 , 9345
0.00 , 0 , 9348
0.00 , 0 , 9350
0.00 , 0 , 9353
0.00 , 0 , 9356
0.00 , 0 , 9358
0.00 , 0 , 9361
0.00 , 0 , 9364
0.00 , 0 , 9366
0.00 , 0 , 9369
0.00 , 0 , 9372
0.00 , 0 , 9374
0.00 , 0 , 9377
0.00 , 0 , 9380
0.00 , 0 , 9382
0.00 , 0 , 9385
0.00 , 0 , 9389
0.00 , 0 , 9392
0.00 , 0 , 9394
0.00 , 0 , 9397
0.00 , 0 , 9400
0.00 , 0 , 9402
0.00 , 0 , 9405
0.00 , 0 , 9408
0.00 , 0 , 9410
0.00 , 0 , 9413
0.00 , 0 , 9416
0.00 , 0 , 9418
0.00 , 0 , 9421
0.00 , 0 , 9424
0.00 , 0 , 9426
0.00 , 0 , 9430
0.00 , 0 , 9433
0.00 , 0 , 9435
0.00 , 0 , 9438
0.00 , 0 , 9441
0.00 , 0 , 9443
0.00 , 0 , 9446
0.00 , 0 , 9449
0.00 , 0 , 9451
0.00 , 0 , 9454
0.00 , 0 , 9457
0.00 , 0 , 9459
0.00 , 0 , 9462
0.00 , 0 , 9465
0.00 , 0 , 9467
0.00 , 0 , 9470
0.00 , 0 , 9474
0.00 , 0 , 9477
0.00 , 0 , 9479
0.00 , 0 , 9482
0.00 , 0 , 9485
0.00 , 0 , 9487
0.00 , 0 , 9490
0.00 , 0 , 9493
0.00 , 0 , 9495
0.00 , 0 , 9498
0.00 , 0 , 9501
0.00 , 0 , 9503
0.00 , 0 , 9506
0.00 , 0 , 9509
0.00 , 0 , 9511
0.00 , 0 , 9515
0.00 , 0 , 9518
0.00 , 0 , 9520
0.00 , 0 , 9523
0.00 , 0 , 9526
0.00 , 0 , 9528
0.00 , 0 , 9531
0.00 , 0 , 9534
0.00 , 0 , 9536
0.00 , 0 , 9539
0.00 , 0 , 9542
0.00 , 0 , 9544
0.00 , 0 , 9547
0.00 , 0 , 9550
0.00 , 0 , 9552
0.00 , 0 , 9555
0.00 , 0 , 9559
0.00 , 0 , 9562
0.00 , 0 , 9564
0.00 , 0 , 9567
0.00 , 0 , 9570
0.00 , 0 , 9572
0.00 , 0 , 9575
0.00 , 0 , 9578
0.00 , 0 , 9580
0.00 , 0 , 9583
0.00 , 0 , 9586
0.00 , 0 , 9588
0.00 , 0 , 9591
0.00 , 0 , 9594
0.00 , 0 , 9596
0.00 , 0 , 9600
0.00 , 0 , 9603
0.00 , 0 , 9605
0.00 , 0 , 9608
0.00 , 0 , 9611
0.00 , 0 , 9613
0.00 , 0 , 9616
0.00 , 0 , 9619
0.00 , 0 , 9621
0.00 , 0 , 9624
0.00 , 0 , 9627
0.00 , 0 , 9629
0.00 , 0 , 9632
0.00 , 0 , 9635
0.00 , 0 , 9637
0.00 , 0 , 9640
0.00 , 0 , 9644
0.00 , 0 , 9647
0.00 , 0 , 9649
0.00 , 0 , 9652
0.00 , 0 , 9655
0.00 , 0 , 9657
0.00 , 0 , 9660
0.00 , 0 , 9663
0.00 , 0 , 9665
0.00 , 0 , 9668
0.00 , 0 , 9671
0.00 , 0 , 9673
0.00 , 0 , 9676
0.00 , 0 , 9679
0.00 , 0 , 9681
0.00 , 0 , 9684
0.00 , 0 , 9688
0.00 , 0 , 9690
0.00 , 0 , 9693
0.00 , 0 , 9696
0.00 , 0 , 9698
0.00 , 0 , 9701
0.00 , 0 , 9704
0.00 , 0 , 9706
0.00 , 0 , 9709
0.00 , 0 , 9712
0.00 , 0 , 9714
0.00 , 0 , 9717
0.00 , 0 , 9720
0.00 , 0 , 9722
0.00 , 0 , 9725
0.00 , 0 , 9729
0.00 , 0 , 9732
0.00 , 0 , 9734
0.00 , 0 , 9737
0.00 , 0 , 9740
0.00 , 0 , 9742
0.00 , 0 , 9745
0.00 , 0 , 9748
0.00 , 0 , 9750
0.00 , 0 , 9753
0.00 , 0 , 9756
0.00 , 0 , 9758
0.00 , 0 , 9761
0.00 , 0 , 9764
0.00 , 0 , 9766
0.00 , 0 , 9769
0.00 , 0 , 9773
0.00 , 0 , 9775
0.00 , 0 , 9778
0.00 , 0 , 9781
0.00 , 0 , 9783
0.00 , 0 , 9786
0.00 , 0 , 9789
0.00 , 0 , 9791
0.00 , 0 , 9794
0.00 , 0 , 9797
0.00 , 0 , 9799
0.00 , 0 , 9802
0.00 , 0 , 9805
0.00 , 0 , 9807
0.00 , 0 , 9810
0.00 , 0 , 9814
0.00 , 0 , 9817
0.00 , 0 , 9819
0.00 , 0 , 9822
0.00 , 0 , 9825
0.00 , 0 , 9827
0.00 , 0 , 9830
0.00 , 0 , 9833
0.00 , 0 , 9835
0.00 , 0 , 9838
0.00 , 0 , 9841
0.00 , 0 , 9843
0.00 , 0 , 9846
0.00 , 0 , 9849
0.00 , 0 , 9851
0.00 , 0 , 9854
0.00 , 0 , 9858
0.00 , 0 , 9860
0.00 , 0 , 9863
0.00 , 0 , 9866
0.00 , 0 , 9868
0.00 , 0 , 9871
0.00 , 0 , 9874
0.00 , 0 , 9876
0.00 , 0 , 9879
0.00 , 0 , 9882
0.00 , 0 , 9884
0.00 , 0 , 9887
0.00 , 0 , 9890
0.00 , 0 , 9892
0.00 , 0 , 9895
0.00 , 0 , 9899
0.00 , 0 , 9902
0.00 , 0 , 9904
0.00 , 0 , 9907
0.00 , 0 , 9910
0.00 , 0 , 9912
0.00 , 0 , 9915
0.00 , 0 , 9918
0.00 , 0 , 9920
0.00 , 0 , 9923
0.00 , 0 , 9926
0.00 , 0 , 9928
0.00 , 0 , 9931
0.00 , 0 , 9934
0.00 , 0 , 9936
0.00 , 0 , 9939
0.00 , 0 , 9943
0.00 , 255 , 9945
0.00 , 255 , 9948
1.26 , 255 , 9951
2.52 , 255 , 9954
3.79 , 255 , 9957
5.05 , 255 , 9960
7.57 , 255 , 9962
10.10 , 255 , 9965
11.36 , 255 , 9968
12.62 , 255 , 9971
12.62 , 255 , 9974
11.36 , 255 , 9977
11.36 , 255 , 9980
11.36 , 255 , 9984
11.36 , 255 , 9986
11.36 , 255 , 9989
11.36 , 255 , 9992
11.36 , 255 , 9995
11.36 , 255 , 9998
11.36 , 255 , 10001
11.36 , 255 , 10004
11.36 , 255 , 10007
11.36 , 255 , 10010
12.62 , 255 , 10013
12.62 , 255 , 10015
13.88 , 255 , 10018
15.15 , 255 , 10021
15.15 , 255 , 10024
16.41 , 255 , 10028
16.41 , 255 , 10031
16.41 , 0 , 10034
16.41 , 0 , 10037
16.41 , 0 , 10040
16.41 , 0 , 10042
16.41 , 0 , 10045
15.15 , 0 , 10048
15.15 , 0 , 10051
15.15 , 0 , 10054
15.15 , 0 , 10057
13.88 , 0 , 10059
13.88 , 0 , 10062
13.88 , 0 , 10065
12.62 , 0 , 10068
12.62 , 0 , 10072
12.62 , 0 , 10075
12.62 , 0 , 10077
12.62 , 0 , 10080
11.36 , 0 , 10083
11.36 , 0 , 10086
11.36 , 0 , 10089
11.36 , 0 , 10092
11.36 , 0 , 10094
10.10 , 0 , 10097
10.10 , 0 , 10100
10.10 , 0 , 10103
10.10 , 0 , 10106
10.10 , 0 , 10109
10.10 , 0 , 10112
10.10 , 0 , 10115
10.10 , 0 , 10118
10.10 , 0 , 10121
10.10 , 0 , 10124
10.10 , 0 , 10126
10.10 , 0 , 10129
10.10 , 0 , 10132
10.10 , 0 , 10135
10.10 , 0 , 10138
10.10 , 0 , 10141
10.10 , 0 , 10143
10.10 , 0 , 10146
10.10 , 0 , 10149
10.10 , 0 , 10152
10.10 , 0 , 10156
10.10 , 0 , 10159
10.10 , 0 , 10161
10.10 , 0 , 10164
10.10 , 0 , 10167
8.84 , 0 , 10170
8.84 , 0 , 10173
7.57 , 0 , 10175
7.57 , 0 , 10178
6.31 , 0 , 10181
6.31 , 0 , 10184
5.05 , 0 , 10186
5.05 , 0 , 10189
3.79 , 0 , 10192
3.79 , 0 , 10195
2.52 , 0 , 10199
2.52 , 0 , 10201
1.26 , 0 , 10204
1.26 , 0 , 10207
1.26 , 0 , 10210
0.00 , 0 , 10212
0.00 , 0 , 10215
-1.26 , 0 , 10218
-1.26 , 0 , 10221
-1.26 , 0 , 10223
-2.52 , 0 , 10226
-2.52 , 0 , 10229
-2.52 , 0 , 10232
-2.52 , 0 , 10235
-3.79 , 0 , 10237
-3.79 , 0 , 10241
-3.79 , 0 , 10244
-3.79 , 0 , 10247
-3.79 , 0 , 10250
-2.52 , 0 , 10252
-2.52 , 0 , 10255
-2.52 , 0 , 10258
-2.52 , 0 , 10261
-2.52 , 0 , 10263
-2.52 , 0 , 10266
-2.52 , 0 , 10269
-2.52 , 0 , 10272
-2.52 , 0 , 10275
-2.52 , 0 , 10277
-2.52 , 0 , 10280
-1.26 , 0 , 10284
-1.26 , 0 , 10287
-1.26 , 0 , 10289
-1.26 , 0 , 10292
-1.26 , 0 , 10295
-1.26 , 0 , 10298
-1.26 , 0 , 10301
-1.26 , 0 , 10303
-1.26 , 0 , 10306
-1.26 , 0 , 10309
0.00 , 0 , 10312
0.00 , 0 , 10314
0.00 , 0 , 10317
0.00 , 0 , 10320
0.00 , 0 , 10323
0.00 , 0 , 10326
0.00 , 0 , 10329
0.00 , 0 , 10332
0.00 , 0 , 10334
0.00 , 0 , 10337
0.00 , 0 , 10340
0.00 , 0 , 10343
0.00 , 0 , 10345
0.00 , 0 , 10348
0.00 , 0 , 10351
0.00 , 0 , 10354
0.00 , 0 , 10356
0.00 , 0 , 10359
0.00 , 0 , 10362
0.00 , 0 , 10364
0.00 , 0 , 10368
0.00 , 0 , 10371
0.00 , 0 , 10374
0.00 , 0 , 10376
0.00 , 0 , 10379
0.00 , 0 , 10382
0.00 , 0 , 10385
0.00 , 0 , 10387
0.00 , 0 , 10390
0.00 , 0 , 10393
0.00 , 0 , 10395
0.00 , 0 , 10398
0.00 , 0 , 10401
0.00 , 0 , 10404
0.00 , 0 , 10406
0.00 , 0 , 10409
0.00 , 0 , 10413
0.00 , 0 , 10416
0.00 , 0 , 10418
0.00 , 0 , 10421
0.00 , 0 , 10424
0.00 , 0 , 10426
0.00 , 0 , 10429
0.00 , 0 , 10432
0.00 , 0 , 10435
0.00 , 0 , 10437
0.00 , 0 , 10440
0.00 , 0 , 10443
0.00 , 0 , 10446
0.00 , 0 , 10448
0.00 , 0 , 10451
0.00 , 0 , 10455
0.00 , 0 , 10458
0.00 , 0 , 10460
0.00 , 0 , 10463
0.00 , 0 , 10466
0.00 , 0 , 10468
0.00 , 0 , 10471
0.00 , 0 , 10474
0.00 , 0 , 10477
0.00 , 0 , 10479
0.00 , 0 , 10482
0.00 , 0 , 10485
0.00 , 0 , 10488
0.00 , 0 , 10490
0.00 , 0 , 10493
0.00 , 0 , 10497
0.00 , 0 , 10499
0.00 , 0 , 10502
0.00 , 0 , 10505
0.00 , 0 , 10508
0.00 , 0 , 10510
0.00 , 0 , 10513
0.00 , 0 , 10516
0.00 , 0 , 10519
0.00 , 0 , 10521
0.00 , 0 , 10524
0.00 , 0 , 10527
0.00 , 0 , 10529
0.00 , 0 , 10532
0.00 , 0 , 10535
0.00 , 0 , 10539
0.00 , 0 , 10541
0.00 , 0 , 10544
0.00 , 0 , 10547
0.00 , 0 , 10550
0.00 , 0 , 10552
0.00 , 0 , 10555
0.00 , 0 , 10558
0.00 , 0 , 10560
0.00 , 0 , 10563
0.00 , 0 , 10566
0.00 , 0 , 10569
0.00 , 0 , 10571
0.00 , 0 , 10574
0.00 , 0 , 10577
0.00 , 0 , 10580
0.00 , 0 , 10583
0.00 , 0 , 10586
0.00 , 0 , 10589
0.00 , 0 , 10591
0.00 , 0 , 10594
0.00 , 0 , 10597
0.00 , 0 , 10600
0.00 , 0 , 10602
0.00 , 0 , 10605
0.00 , 0 , 10608
0.00 , 0 , 10611
0.00 , 0 , 10613
0.00 , 0 , 10616
0.00 , 0 , 10619
0.00 , 0 , 10621
0.00 , 0 , 10625
0.00 , 0 , 10628
0.00 , 0 , 10631
0.00 , 0 , 10633
0.00 , 0 , 10636
0.00 , 0 , 10639
0.00 , 0 , 10642
0.00 , 0 , 10644
0.00 , 0 , 10647
0.00 , 0 , 10650
0.00 , 0 , 10652
0.00 , 0 , 10655
0.00 , 0 , 10658
0.00 , 0 , 10661
0.00 , 0 , 10663
0.00 , 0 , 10667
0.00 , 0 , 10670
0.00 , 0 , 10673
0.00 , 0 , 10675
0.00 , 0 , 10678
0.00 , 0 , 10681
0.00 , 0 , 10684
0.00 , 0 , 10686
0.00 , 0 , 10689
0.00 , 0 , 10692
0.00 , 0 , 10694
0.00 , 0 , 10697
0.00 , 0 , 10700
0.00 , 0 , 10703
0.00 , 0 , 10705
0.00 , 0 , 10708
0.00 , 0 , 10712
0.00 , 0 , 10715
0.00 , 0 , 10717
0.00 , 0 , 10720
0.00 , 0 , 10723
0.00 , 0 , 10725
0.00 , 0 , 10728
0.00 , 0 , 10731
0.00 , 0 , 10734
0.00 , 0 , 10736
0.00 , 0 , 10739
0.00 , 0 , 10742
0.00 , 0 , 10745
0.00 , 0 , 10747
0.00 , 0 , 10750
0.00 , 0 , 10754
0.00 , 0 , 10756
0.00 , 0 , 10759
0.00 , 0 , 10762
0.00 , 0 , 10765
0.00 , 0 , 10767
0.00 , 0 , 10770
0.00 , 0 , 10773
0.00 , 0 , 10776
0.00 , 0 , 10778
0.00 , 0 , 10781
0.00 , 0 , 10784
0.00 , 0 , 10786
0.00 , 0 , 10789
0.00 , 0 , 10792
0.00 , 0 , 10796
0.00 , 0 , 10798
0.00 , 0 , 10801
0.00 , 0 , 10804
0.00 , 0 , 10807
0.00 , 0 , 10809
0.00 , 0 , 10812
0.00 , 0 , 10815
0.00 , 0 , 10817
0.00 , 0 , 10820
0.00 , 0 , 10823
0.00 , 0 , 10826
0.00 , 0 , 10828
0.00 , 0 , 10831
0.00 , 0 , 10834
0.00 , 0 , 10838
0.00 , 0 , 10840
0.00 , 0 , 10843
0.00 , 0 , 10846
0.00 , 0 , 10849
0.00 , 0 , 10851
0.00 , 0 , 10854
0.00 , 0 , 10857
0.00 , 0 , 10859
0.00 , 0 , 10862
0.00 , 0 , 10865
0.00 , 0 , 10868
0.00 , 0 , 10870
0.00 , 0 , 10873
0.00 , 0 , 10876
0.00 , 0 , 10880
0.00 , 0 , 10882
0.00 , 0 , 10885
0.00 , 0 , 10888
0.00 , 0 , 10890
0.00 , 0 , 10893
0.00 , 0 , 10896
0.00 , 0 , 10899
0.00 , 0 , 10901
0.00 , 0 , 10904
0.00 , 0 , 10907
0.00 , 0 , 10910
0.00 , 0 , 10912
0.00 , 0 , 10915
0.00 , 0 , 10918
0.00 , 0 , 10920
0.00 , 0 , 10924
0.00 , 0 , 10927
0.00 , 0 , 10930
0.00 , 0 , 10932
0.00 , 0 , 10935
0.00 , 0 , 10938
0.00 , 0 , 10941
0.00 , 0 , 10943
0.00 , 0 , 10946
0.00 , 0 , 10949
0.00 , 0 , 10951
0.00 , 0 , 10954
0.00 , 0 , 10957
0.00 , 0 , 10960
0.00 , 0 , 10962
0.00 , 0 , 10966
0.00 , 0 , 10969
0.00 , 0 , 10972
0.00 , 0 , 10974
0.00 , 0 , 10977
0.00 , 0 , 10980
0.00 , 0 , 10982
0.00 , 0 , 10985
0.00 , 0 , 10988
0.00 , 0 , 10991
0.00 , 0 , 10993
0.00 , 0 , 10996
0.00 , 0 , 10999
0.00 , 0 , 11002
0.00 , 0 , 11004
0.00 , 0 , 11008
0.00 , 0 , 11011
0.00 , 0 , 11013
0.00 , 0 , 11016
0.00 , 0 , 11019
0.00 , 0 , 11022
0.00 , 0 , 11024
0.00 , 0 , 11027
0.00 , 0 , 11030
0.00 , 0 , 11033
0.00 , 0 , 11035
0.00 , 0 , 11038
0.00 , 0 , 11041
0.00 , 0 , 11044
0.00 , 0 , 11046
0.00 , 0 , 11049
0.00 , 0 , 11053
0.00 , 0 , 11055
0.00 , 0 , 11058
0.00 , 0 , 11061
0.00 , 0 , 11064
0.00 , 0 , 11066
0.00 , 0 , 11069
0.00 , 0 , 11072
0.00 , 0 , 11075
0.00 , 0 , 11077
0.00 , 0 , 11080
0.00 , 0 , 11083
0.00 , 0 , 11085
0.00 , 0 , 11088
0.00 , 0 , 11091
0.00 , 0 , 11095
0.00 , 0 , 11097
0.00 , 0 , 11100
0.00 , 0 , 11103
0.00 , 0 , 11106
0.00 , 0 , 11108
0.00 , 0 , 11111
0.00 , 0 , 11114
0.00 , 0 , 11116
0.00 , 0 , 11119
0.00 , 0 , 11122
0.00 , 0 , 11125
0.00 , 0 , 11127
0.00 , 0 , 11130
0.00 , 0 , 11133
0.00 , 0 , 11137
0.00 , 0 , 11139
0.00 , 0 , 11142
0.00 , 0 , 11145
0.00 , 0 , 11147
0.00 , 0 , 11150
0.00 , 0 , 11153
0.00 , 0 , 11156
0.00 , 0 , 11158
0.00 , 0 , 11161
0.00 , 0 , 11164
0.00 , 0 , 11167
0.00 , 0 , 11169
0.00 , 0 , 11172
0.00 , 0 , 11175
0.00 , 0 , 11179
0.00 , 0 , 11181
0.00 , 0 , 11184
0.00 , 0 , 11187
0.00 , 0 , 11189
0.00 , 0 , 11192
0.00 , 0 , 11195
0.00 , 0 , 11198
0.00 , 0 , 11200
0.00 , 0 , 11203
0.00 , 0 , 11206
0.00 , 0 , 11209
0.00 , 0 , 11211
0.00 , 0 , 11214
0.00 , 0 , 11217
0.00 , 0 , 11219
0.00 , 0 , 11223
0.00 , 0 , 11226
0.00 , 0 , 11229
0.00 , 0 , 11231
0.00 , 0 , 11234
0.00 , 0 , 11237
0.00 , 0 , 11240
0.00 , 0 , 11242
0.00 , 0 , 11245
0.00 , 0 , 11248
0.00 , 0 , 11250
0.00 , 0 , 11253
0.00 , 0 , 11256
0.00 , 0 , 11259
0.00 , 0 , 11261
0.00 , 0 , 11265
0.00 , 0 , 11268
0.00 , 0 , 11271
0.00 , 0 , 11273
0.00 , 0 , 11276
0.00 , 0 , 11279
0.00 , 0 , 11281
0.00 , 0 , 11284
0.00 , 0 , 11287
0.00 , 0 , 11290
0.00 , 0 , 11292
0.00 , 0 , 11295
0.00 , 0 , 11298
0.00 , 0 , 11301
0.00 , 0 , 11303
0.00 , 0 , 11307
0.00 , 0 , 11310
0.00 , 0 , 11312
0.00 , 0 , 11315
0.00 , 0 , 11318
0.00 , 0 , 11321
0.00 , 0 , 11323
0.00 , 0 , 11326
0.00 , 0 , 11329
0.00 , 0 , 11332
0.00 , 0 , 11334
0.00 , 0 , 11337
0.00 , 0 , 11340
0.00 , 0 , 11343
0.00 , 0 , 11345
0.00 , 0 , 11348
0.00 , 0 , 11352
0.00 , 0 , 11352
0.00 , 0 , 11353
0.00 , 0 , 11354
0.00 , 0 , 11355
0.00 , 0 , 11355
0.00 , 0 , 11356
0.00 , 0 , 11357
0.00 , 0 , 11359
0.00 , 0 , 11360
0.00 , 0 , 11362
0.00 , 0 , 11363
0.00 , 0 , 11365
0.00 , 0 , 11366
0.00 , 0 , 11368
0.00 , 0 , 11369
0.00 , 0 , 11371
0.00 , 0 , 11372
0.00 , 0 , 11374
0.00 , 0 , 11375
0.00 , 0 , 11377
0.00 , 0 , 11378
0.00 , 0 , 11380
0.00 , 0 , 11381
0.00 , 0 , 11383
0.00 , 0 , 11384
0.00 , 0 , 11386
0.00 , 0 , 11387
0.00 , 0 , 11389
0.00 , 0 , 11390
0.00 , 0 , 11393
0.00 , 0 , 11394
0.00 , 0 , 11396
0.00 , 0 , 11397
0.00 , 0 , 11399
0.00 , 0 , 11400
0.00 , 0 , 11402
0.00 , 0 , 11403
0.00 , 0 , 11405
0.00 , 0 , 11406
0.00 , 0 , 11408
0.00 , 0 , 11409
0.00 , 0 , 11411
0.00 , 0 , 11412
0.00 , 0 , 11414
0.00 , 0 , 11415
0.00 , 0 , 11417
0.00 , 0 , 11418
0.00 , 0 , 11420
0.00 , 0 , 11421
0.00 , 0 , 11423
0.00 , 0 , 11424
0.00 , 0 , 11426
0.00 , 0 , 11427
0.00 , 0 , 11429
0.00 , 0 , 11430
0.00 , 0 , 11432
0.00 , 0 , 11433
0.00 , 0 , 11436
0.00 , 0 , 11437
0.00 , 0 , 11439
0.00 , 0 , 11440
0.00 , 0 , 11442
0.00 , 0 , 11443
0.00 , 0 , 11445
0.00 , 0 , 11446
0.00 , 0 , 11448
0.00 , 0 , 11449
0.00 , 0 , 11451
0.00 , 0 , 11452
0.00 , 0 , 11454
0.00 , 0 , 11455
0.00 , 0 , 11457
0.00 , 0 , 11458
0.00 , 0 , 11460
0.00 , 0 , 11461
0.00 , 0 , 11462
0.00 , 0 , 11464
0.00 , 0 , 11465
0.00 , 0 , 11467
0.00 , 0 , 11468
0.00 , 0 , 11470
0.00 , 0 , 11471
0.00 , 0 , 11473
0.00 , 0 , 11474
0.00 , 0 , 11476
0.00 , 0 , 11478
0.00 , 0 , 11480
0.00 , 0 , 11481
0.00 , 0 , 11483
0.00 , 0 , 11484
0.00 , 0 , 11486
0.00 , 0 , 11487
0.00 , 0 , 11489
0.00 , 0 , 11490
0.00 , 0 , 11492
0.00 , 0 , 11493
0.00 , 0 , 11495
0.00 , 0 , 11496
0.00 , 0 , 11498
0.00 , 0 , 11499
0.00 , 0 , 11501
0.00 , 0 , 11502
0.00 , 0 , 11504
0.00 , 0 , 11505
0.00 , 0 , 11507
0.00 , 0 , 11508
0.00 , 0 , 11510
0.00 , 0 , 11511
0.00 , 0 , 11513
0.00 , 0 , 11514
0.00 , 0 , 11516
0.00 , 0 , 11517
0.00 , 0 , 11520
0.00 , 0 , 11521
0.00 , 0 , 11523
0.00 , 0 , 11524
0.00 , 0 , 11526
0.00 , 0 , 11527
0.00 , 0 , 11529
0.00 , 0 , 11530
0.00 , 0 , 11532
0.00 , 0 , 11533
0.00 , 0 , 11535
0.00 , 0 , 11536
0.00 , 0 , 11538
0.00 , 0 , 11539
0.00 , 0 , 11541
0.00 , 0 , 11542
0.00 , 0 , 11544
0.00 , 0 , 11545
0.00 , 0 , 11547
0.00 , 0 , 11548
0.00 , 0 , 11550
0.00 , 0 , 11551
0.00 , 0 , 11553
0.00 , 0 , 11554
0.00 , 0 , 11556
0.00 , 0 , 11557
0.00 , 0 , 11559
0.00 , 0 , 11560
0.00 , 0 , 11563
0.00 , 0 , 11564
0.00 , 0 , 11566
0.00 , 0 , 11567
0.00 , 0 , 11569
0.00 , 0 , 11570
0.00 , 0 , 11572
0.00 , 0 , 11573
0.00 , 0 , 11575
0.00 , 0 , 11576
0.00 , 0 , 11578
0.00 , 0 , 11579
0.00 , 0 , 11581
0.00 , 0 , 11582
0.00 , 0 , 11584
0.00 , 0 , 11585
0.00 , 0 , 11587
0.00 , 0 , 11588
0.00 , 0 , 11590
0.00 , 0 , 11591
0.00 , 0 , 11592
0.00 , 0 , 11594
0.00 , 0 , 11595
0.00 , 0 , 11597
0.00 , 0 , 11598
0.00 , 0 , 11600
0.00 , 0 , 11601
0.00 , 0 , 11603
0.00 , 0 , 11604
0.00 , 0 , 11607
0.00 , 0 , 11608
0.00 , 0 , 11610
0.00 , 0 , 11611
0.00 , 0 , 11613
0.00 , 0 , 11614
0.00 , 0 , 11616
0.00 , 0 , 11617
0.00 , 0 , 11619
0.00 , 0 , 11620
0.00 , 0 , 11622
0.00 , 0 , 11623
0.00 , 0 , 11625
0.00 , 0 , 11626
0.00 , 0 , 11628
0.00 , 0 , 11629
0.00 , 0 , 11631
0.00 , 0 , 11632
0.00 , 0 , 11634
0.00 , 0 , 11635
0.00 , 0 , 11637
0.00 , 0 , 11638
0.00 , 0 , 11640
0.00 , 0 , 11641
0.00 , 0 , 11643
0.00 , 0 , 11644
0.00 , 0 , 11646
0.00 , 0 , 11648
0.00 , 0 , 11650
0.00 , 0 , 11651
0.00 , 0 , 11653
0.00 , 0 , 11654
0.00 , 0 , 11656
0.00 , 0 , 11657
0.00 , 0 , 11659
0.00 , 0 , 11660
0.00 , 0 , 11662
0.00 , 0 , 11663
0.00 , 0 , 11665
0.00 , 0 , 11666
0.00 , 0 , 11668
0.00 , 0 , 11669
0.00 , 0 , 11671
0.00 , 0 , 11672
0.00 , 0 , 11674
0.00 , 0 , 11675
0.00 , 0 , 11677
0.00 , 0 , 11678
0.00 , 0 , 11680
0.00 , 0 , 11681
0.00 , 0 , 11683
0.00 , 0 , 11684
0.00 , 0 , 11686
0.00 , 0 , 11687
0.00 , 0 , 11689
0.00 , 0 , 11691
0.00 , 0 , 11693
0.00 , 0 , 11694
0.00 , 0 , 11696
0.00 , 0 , 11697
0.00 , 0 , 11699
0.00 , 0 , 11700
0.00 , 0 , 11702
0.00 , 0 , 11703
0.00 , 0 , 11705
0.00 , 0 , 11706
0.00 , 0 , 11708
0.00 , 0 , 11709
0.00 , 0 , 11711
0.00 , 0 , 11712
0.00 , 0 , 11714
0.00 , 0 , 11715
0.00 , 0 , 11717
0.00 , 0 , 11718
0.00 , 0 , 11720
0.00 , 0 , 11721
0.00 , 0 , 11723
0.00 , 0 , 11724
0.00 , 0 , 11725
0.00 , 0 , 11727
0.00 , 0 , 11728
0.00 , 0 , 11730
0.00 , 0 , 11731
0.00 , 0 , 11734
0.00 , 0 , 11735
0.00 , 0 , 11737
0.00 , 0 , 11738
0.00 , 0 , 11740
0.00 , 0 , 11741
0.00 , 0 , 11743
0.00 , 0 , 11744
0.00 , 0 , 11746
0.00 , 0 , 11747
0.00 , 0 , 11749
0.00 , 0 , 11750
0.00 , 0 , 11752
0.00 , 0 , 11753
0.00 , 0 , 11755
0.00 , 0 , 11756
0.00 , 0 , 11758
0.00 , 0 , 11759
0.00 , 0 , 11761
0.00 , 0 , 11762
0.00 , 0 , 11764
0.00 , 0 , 11765
0.00 , 0 , 11767
0.00 , 0 , 11768
0.00 , 0 , 11770
0.00 , 0 , 11771
0.00 , 0 , 11773
0.00 , 0 , 11774
0.00 , 0 , 11777
0.00 , 0 , 11778
0.00 , 0 , 11780
0.00 , 0 , 11781
0.00 , 0 , 11783
0.00 , 0 , 11784
0.00 , 0 , 11786
0.00 , 0 , 11787
0.00 , 0 , 11789
0.00 , 0 , 11790
0.00 , 0 , 11792
0.00 , 0 , 11793
0.00 , 0 , 11795
0.00 , 0 , 11796
0.00 , 0 , 11798
0.00 , 0 , 11799
0.00 , 0 , 11801
0.00 , 0 , 11802
0.00 , 0 , 11804
0.00 , 0 , 11805
0.00 , 0 , 11807
0.00 , 0 , 11808
0.00 , 0 , 11810
0.00 , 0 , 11811
0.00 , 0 , 11813
0.00 , 0 , 11814
0.00 , 0 , 11816
0.00 , 0 , 11817
0.00 , 0 , 11820
0.00 , 0 , 11821
0.00 , 0 , 11823
0.00 , 0 , 11824
0.00 , 0 , 11826
0.00 , 0 , 11827
0.00 , 0 , 11829
0.00 , 0 , 11830
0.00 , 0 , 11832
0.00 , 0 , 11833
0.00 , 0 , 11835
0.00 , 0 , 11836
0.00 , 0 , 11838
0.00 , 0 , 11839
0.00 , 0 , 11841
0.00 , 0 , 11842
0.00 , 0 , 11844
0.00 , 0 , 11845
0.00 , 0 , 11847
0.00 , 0 , 11848
0.00 , 0 , 11850
0.00 , 0 , 11851
0.00 , 0 , 11853
0.00 , 0 , 11854
0.00 , 0 , 11855
0.00 , 0 , 11857
0.00 , 0 , 11858
0.00 , 0 , 11860
0.00 , 0 , 11862
0.00 , 0 , 11864
0.00 , 0 , 11865
0.00 , 0 , 11867
0.00 , 0 , 11868
0.00 , 0 , 11870
0.00 , 0 , 11871
0.00 , 0 , 11873
0.00 , 0 , 11874
0.00 , 0 , 11876
0.00 , 0 , 11877
0.00 , 0 , 11879
0.00 , 0 , 11880
0.00 , 0 , 11882
0.00 , 0 , 11883
0.00 , 0 , 11885
0.00 , 0 , 11886
0.00 , 0 , 11888
0.00 , 0 , 11889
0.00 , 0 , 11891
0.00 , 0 , 11892
0.00 , 0 , 11894
0.00 , 0 , 11895
0.00 , 0 , 11897
0.00 , 0 , 11898
0.00 , 0 , 11900
0.00 , 0 , 11901
0.00 , 0 , 11904
0.00 , 0 , 11905
0.00 , 0 , 11907
0.00 , 0 , 11908
0.00 , 0 , 11910
0.00 , 0 , 11911
0.00 , 0 , 11913
0.00 , 0 , 11914
0.00 , 0 , 11916
0.00 , 0 , 11917
0.00 , 0 , 11919
0.00 , 0 , 11920
0.00 , 0 , 11922
0.00 , 0 , 11923
0.00 , 0 , 11925
0.00 , 0 , 11926
0.00 , 0 , 11928
0.00 , 0 , 11929
0.00 , 0 , 11931
0.00 , 0 , 11932
0.00 , 0 , 11934
0.00 , 0 , 11935
0.00 , 0 , 11937
0.00 , 0 , 11938
0.00 , 0 , 11940
0.00 , 0 , 11941
0.00 , 0 , 11943
0.00 , 0 , 11944
0.00 , 0 , 11947
0.00 , 0 , 11948
0.00 , 0 , 11950
0.00 , 0 , 11951
0.00 , 0 , 11953
0.00 , 0 , 11954
0.00 , 0 , 11956
0.00 , 0 , 11957
0.00 , 0 , 11959
0.00 , 0 , 11960
0.00 , 0 , 11962
0.00 , 0 , 11963
0.00 , 0 , 11965
0.00 , 0 , 11966
0.00 , 0 , 11968
0.00 , 0 , 11969
0.00 , 0 , 11971
0.00 , 0 , 11972
0.00 , 0 , 11974
0.00 , 0 , 11975
0.00 , 0 , 11977
0.00 , 0 , 11978
0.00 , 0 , 11980
0.00 , 0 , 11981
0.00 , 0 , 11983
0.00 , 0 , 11984
0.00 , 0 , 11985
0.00 , 0 , 11987
0.00 , 0 , 11988
0.00 , 0 , 11991
0.00 , 0 , 11992
0.00 , 0 , 11994
0.00 , 0 , 11995
0.00 , 0 , 11997
0.00 , 0 , 11998
0.00 , 0 , 12000
0.00 , 0 , 12001
0.00 , 0 , 12003
0.00 , 0 , 12004
0.00 , 0 , 12006
0.00 , 0 , 12007
0.00 , 0 , 12009
0.00 , 0 , 12010
0.00 , 0 , 12012
0.00 , 0 , 12013
0.00 , 0 , 12015
0.00 , 0 , 12016
0.00 , 0 , 12018
0.00 , 0 , 12019
0.00 , 0 , 12021
0.00 , 0 , 12022
0.00 , 0 , 12024
0.00 , 0 , 12025
0.00 , 0 , 12027
0.00 , 0 , 12028
0.00 , 0 , 12030
0.00 , 0 , 12032
0.00 , 0 , 12034
0.00 , 0 , 12035
0.00 , 0 , 12037
0.00 , 0 , 12038
0.00 , 0 , 12040
0.00 , 0 , 12041
0.00 , 0 , 12043
0.00 , 0 , 12044
0.00 , 0 , 12046
0.00 , 0 , 12047
0.00 , 0 , 12049
0.00 , 0 , 12050
0.00 , 0 , 12052
0.00 , 0 , 12053
0.00 , 0 , 12055
0.00 , 0 , 12056
0.00 , 0 , 12058
0.00 , 0 , 12059
0.00 , 0 , 12061
0.00 , 0 , 12062
0.00 , 0 , 12064
0.00 , 0 , 12065
0.00 , 0 , 12067
0.00 , 0 , 12068
0.00 , 0 , 12070
0.00 , 0 , 12071
0.00 , 0 , 12073
0.00 , 0 , 12075
0.00 , 0 , 12077
0.00 , 0 , 12078
0.00 , 0 , 12080
0.00 , 0 , 12081
0.00 , 0 , 12083
0.00 , 0 , 12084
0.00 , 0 , 12086
0.00 , 0 , 12087
0.00 , 0 , 12089
0.00 , 0 , 12090
0.00 , 0 , 12092
0.00 , 0 , 12093
0.00 , 0 , 12095
0.00 , 0 , 12096
0.00 , 0 , 12098
0.00 , 0 , 12099
0.00 , 0 , 12101
0.00 , 0 , 12102
0.00 , 0 , 12104
0.00 , 0 , 12105
0.00 , 0 , 12107
0.00 , 0 , 12108
0.00 , 0 , 12110
0.00 , 0 , 12111
0.00 , 0 , 12113
0.00 , 0 , 12114
0.00 , 0 , 12115
0.00 , 0 , 12118
0.00 , 0 , 12119
0.00 , 0 , 12121
0.00 , 0 , 12122
0.00 , 0 , 12124
0.00 , 0 , 12125
0.00 , 0 , 12127
0.00 , 0 , 12128
0.00 , 0 , 12130
0.00 , 0 , 12131
0.00 , 0 , 12133
0.00 , 0 , 12134
0.00 , 0 , 12136
0.00 , 0 , 12137
0.00 , 0 , 12139
0.00 , 0 , 12140
0.00 , 0 , 12142
0.00 , 0 , 12143
0.00 , 0 , 12145
0.00 , 0 , 12146
0.00 , 0 , 12148
0.00 , 0 , 12149
0.00 , 0 , 12151
0.00 , 0 , 12152
0.00 , 0 , 12154
0.00 , 0 , 12155
0.00 , 0 , 12157
0.00 , 0 , 12158
0.00 , 0 , 12161
0.00 , 0 , 12162
0.00 , 0 , 12164
0.00 , 0 , 12165
0.00 , 0 , 12167
0.00 , 0 , 12168
0.00 , 0 , 12170
0.00 , 0 , 12171
0.00 , 0 , 12173
0.00 , 0 , 12174
0.00 , 0 , 12176
0.00 , 0 , 12177
0.00 , 0 , 12179
0.00 , 0 , 12180
0.00 , 0 , 12182
0.00 , 0 , 12183
0.00 , 0 , 12185
0.00 , 0 , 12186
0.00 , 0 , 12188
0.00 , 0 , 12189
0.00 , 0 , 12191
0.00 , 0 , 12192
0.00 , 0 , 12194
0.00 , 0 , 12195
0.00 , 0 , 12197
0.00 , 0 , 12198
0.00 , 0 , 12200
0.00 , 0 , 12201
0.00 , 0 , 12204
0.00 , 0 , 12205
0.00 , 0 , 12207
0.00 , 0 , 12208
0.00 , 0 , 12210
0.00 , 0 , 12211
0.00 , 0 , 12213
0.00 , 0 , 12214
0.00 , 0 , 12216
0.00 , 0 , 12217
0.00 , 0 , 12219
0.00 , 0 , 12220
0.00 , 0 , 12222
0.00 , 0 , 12223
0.00 , 0 , 12225
0.00 , 0 , 12226
0.00 , 0 , 12228
0.00 , 0 , 12229
0.00 , 0 , 12231
0.00 , 0 , 12232
0.00 , 0 , 12234
0.00 , 0 , 12235
0.00 , 0 , 12237
0.00 , 0 , 12238
0.00 , 0 , 12240
0.00 , 0 , 12241
0.00 , 0 , 12243
0.00 , 0 , 12244
0.00 , 0 , 12246
0.00 , 0 , 12248
0.00 , 0 , 12249
0.00 , 0 , 12251
0.00 , 0 , 12252
0.00 , 0 , 12254
0.00 , 0 , 12255
0.00 , 0 , 12257
0.00 , 0 , 12258
0.00 , 0 , 12260
0.00 , 0 , 12261
0.00 , 0 , 12263
0.00 , 0 , 12264
0.00 , 0 , 12266
0.00 , 0 , 12267
0.00 , 0 , 12269
0.00 , 0 , 12270
0.00 , 0 , 12272
0.00 , 0 , 12273
0.00 , 0 , 12275
0.00 , 0 , 12276
0.00 , 0 , 12278
0.00 , 0 , 12279
0.00 , 0 , 12281
0.00 , 0 , 12282
0.00 , 0 , 12284
0.00 , 0 , 12285
0.00 , 0 , 12288
0.00 , 0 , 12289
0.00 , 0 , 12291
0.00 , 0 , 12292
0.00 , 0 , 12294
0.00 , 0 , 12295
0.00 , 0 , 12297
0.00 , 0 , 12298
0.00 , 0 , 12300
0.00 , 0 , 12301
0.00 , 0 , 12303
0.00 , 0 , 12304
0.00 , 0 , 12306
0.00 , 0 , 12307
0.00 , 0 , 12309
0.00 , 0 , 12310
0.00 , 0 , 12312
0.00 , 0 , 12313
0.00 , 0 , 12315
0.00 , 0 , 12316
0.00 , 0 , 12318
0.00 , 0 , 12319
0.00 , 0 , 12321
0.00 , 0 , 12322
0.00 , 0 , 12324
0.00 , 0 , 12325
0.00 , 0 , 12327
0.00 , 0 , 12328
0.00 , 0 , 12331
0.00 , 0 , 12332
0.00 , 0 , 12334
0.00 , 0 , 12335
0.00 , 0 , 12337
0.00 , 0 , 12338
0.00 , 0 , 12340
0.00 , 0 , 12341
0.00 , 0 , 12343
0.00 , 0 , 12344
0.00 , 0 , 12346
0.00 , 0 , 12347
0.00 , 0 , 12349
0.00 , 0 , 12350
0.00 , 0 , 12352
0.00 , 0 , 12353
0.00 , 0 , 12355
0.00 , 0 , 12356
0.00 , 0 , 12358
0.00 , 0 , 12359
0.00 , 0 , 12361
0.00 , 0 , 12362
0.00 , 0 , 12364
0.00 , 0 , 12365
0.00 , 0 , 12367
0.00 , 0 , 12368
0.00 , 0 , 12370
0.00 , 0 , 12371
0.00 , 0 , 12374
0.00 , 0 , 12375
0.00 , 0 , 12376
0.00 , 0 , 12378
0.00 , 0 , 12379
0.00 , 0 , 12381
0.00 , 0 , 12382
0.00 , 0 , 12384
0.00 , 0 , 12385
0.00 , 0 , 12387
0.00 , 0 , 12388
0.00 , 0 , 12390
0.00 , 0 , 12391
0.00 , 0 , 12393
0.00 , 0 , 12394
0.00 , 0 , 12396
0.00 , 0 , 12397
0.00 , 0 , 12399
0.00 , 0 , 12400
0.00 , 0 , 12402
0.00 , 0 , 12403
0.00 , 0 , 12405
0.00 , 0 , 12406
0.00 , 0 , 12408
0.00 , 0 , 12409
0.00 , 0 , 12411
0.00 , 0 , 12412
0.00 , 0 , 12414
0.00 , 0 , 12416
0.00 , 0 , 12418
0.00 , 0 , 12419
0.00 , 0 , 12421
0.00 , 0 , 12422
0.00 , 0 , 12424
0.00 , 0 , 12425
0.00 , 0 , 12427
0.00 , 0 , 12428
0.00 , 0 , 12430
0.00 , 0 , 12431
0.00 , 0 , 12433
0.00 , 0 , 12434
0.00 , 0 , 12436
0.00 , 0 , 12437
0.00 , 0 , 12439
0.00 , 0 , 12440
0.00 , 0 , 12442
0.00 , 0 , 12443
0.00 , 0 , 12445
0.00 , 0 , 12446
0.00 , 0 , 12448
0.00 , 0 , 12449
0.00 , 0 , 12451
0.00 , 0 , 12452
0.00 , 0 , 12454
0.00 , 0 , 12455
0.00 , 0 , 12457
0.00 , 0 , 12459
0.00 , 0 , 12461
0.00 , 0 , 12462
0.00 , 0 , 12464
0.00 , 0 , 12465
0.00 , 0 , 12467
0.00 , 0 , 12468
0.00 , 0 , 12470
0.00 , 0 , 12471
0.00 , 0 , 12473
0.00 , 0 , 12474
0.00 , 0 , 12476
0.00 , 0 , 12477
0.00 , 0 , 12479
0.00 , 0 , 12480
0.00 , 0 , 12482
0.00 , 0 , 12483
0.00 , 0 , 12485
0.00 , 0 , 12486
0.00 , 0 , 12488
0.00 , 0 , 12489
0.00 , 0 , 12491
0.00 , 0 , 12492
0.00 , 0 , 12494
0.00 , 0 , 12495
0.00 , 0 , 12497
0.00 , 0 , 12498
0.00 , 0 , 12500
0.00 , 0 , 12502
0.00 , 0 , 12504
0.00 , 0 , 12505
0.00 , 0 , 12507
0.00 , 0 , 12508
0.00 , 0 , 12509
0.00 , 0 , 12511
0.00 , 0 , 12512
0.00 , 0 , 12514
0.00 , 0 , 12515
0.00 , 0 , 12517
0.00 , 0 , 12518
0.00 , 0 , 12520
0.00 , 0 , 12521
0.00 , 0 , 12523
0.00 , 0 , 12524
0.00 , 0 , 12526
0.00 , 0 , 12527
0.00 , 0 , 12529
0.00 , 0 , 12530
0.00 , 0 , 12532
0.00 , 0 , 12533
0.00 , 0 , 12535