0.00 , 0 , 3002
0.00 , 0 , 3006
0.00 , 0 , 3011
0.00 , 0 , 3016
0.00 , 0 , 3021
0.00 , 0 , 3025
0.00 , 0 , 3031
0.00 , 0 , 3036
0.00 , 0 , 3040
0.00 , 0 , 3045
0.00 , 0 , 3050
0.00 , 0 , 3055
0.00 , 0 , 3059
0.00 , 0 , 3064
0.00 , 0 , 3069
0.00 , 0 , 3074
0.00 , 0 , 3079
0.00 , 0 , 3084
0.00 , 0 , 3088
0.00 , 0 , 3093
0.00 , 0 , 3098
0.00 , 0 , 3103
0.00 , 0 , 3107
0.00 , 0 , 3112
0.00 , 0 , 3118
0.00 , 0 , 3122
0.00 , 0 , 3127
0.00 , 0 , 3132
0.00 , 0 , 3137
0.00 , 0 , 3141
0.00 , 0 , 3146
0.00 , 0 , 3151
0.00 , 0 , 3155
0.00 , 0 , 3161
0.00 , 0 , 3166
0.00 , 0 , 3171
0.00 , 0 , 3175
0.00 , 0 , 3180
0.00 , 0 , 3185
0.00 , 0 , 3189
0.00 , 0 , 3194
0.00 , 0 , 3200
0.00 , 0 , 3204
0.00 , 0 , 3209
0.00 , 0 , 3214
0.00 , 0 , 3219
0.00 , 0 , 3223
0.00 , 0 , 3228
0.00 , 0 , 3233
0.00 , 0 , 3237
0.00 , 0 , 3243
0.00 , 0 , 3248
0.00 , 0 , 3253
0.00 , 0 , 3257
0.00 , 0 , 3262
0.00 , 0 , 3267
0.00 , 0 , 3271
0.00 , 0 , 3276
0.00 , 0 , 3281
0.00 , 0 , 3286
0.00 , 0 , 3291
0.00 , 0 , 3296
0.00 , 0 , 3301
0.00 , 0 , 3305
0.00 , 0 , 3310
0.00 , 0 , 3315
0.00 , 0 , 3319
0.00 , 0 , 3324
0.00 , 0 , 3330
0.00 , 0 , 3335
0.00 , 0 , 3339
0.00 , 0 , 3344
0.00 , 0 , 3349
0.00 , 0 , 3353
0.00 , 0 , 3358
0.00 , 0 , 3363
0.00 , 0 , 3367
0.00 , 0 , 3373
0.00 , 0 , 3378
0.00 , 0 , 3383
0.00 , 0 , 3387
0.00 , 0 , 3392
0.00 , 0 , 3397
0.00 , 0 , 3401
0.00 , 0 , 3406
0.00 , 0 , 3411
0.00 , 0 , 3417
0.00 , 0 , 3421
0.00 , 0 , 3426
0.00 , 0 , 3431
0.00 , 0 , 3435
0.00 , 0 , 3440
0.00 , 0 , 3445
0.00 , 0 , 3450
0.00 , 0 , 3454
0.00 , 0 , 3460
0.00 , 0 , 3465
0.00 , 0 , 3469
0.00 , 0 , 3474
0.00 , 0 , 3479
0.00 , 0 , 3483
0.00 , 0 , 3488
0.00 , 0 , 3493
0.00 , 0 , 3499
0.00 , 0 , 3503
0.00 , 0 , 3508
0.00 , 0 , 3513
0.00 , 0 , 3517
0.00 , 0 , 3522
0.00 , 0 , 3527
0.00 , 0 , 3532
0.00 , 0 , 3536
0.00 , 0 , 3542
0.00 , 0 , 3547
0.00 , 0 , 3551
0.00 , 0 , 3556
0.00 , 0 , 3561
0.00 , 0 , 3565
0.00 , 0 , 3570
0.00 , 0 , 3575
0.00 , 0 , 3580
0.00 , 0 , 3585
0.00 , 0 , 3590
0.00 , 0 , 3595
0.00 , 0 , 3599
0.00 , 0 , 3604
0.00 , 0 , 3609
0.00 , 0 , 3614
0.00 , 0 , 3618
0.00 , 0 , 3623
0.00 , 0 , 3629
0.00 , 0 , 3633
0.00 , 0 , 3638
0.00 , 0 , 3643
0.00 , 0 , 3648
0.00 , 0 , 3652
0.00 , 0 , 3657
0.00 , 0 , 3662
0.00 , 0 , 3666
0.00 , 0 , 3672
0.00 , 0 , 3677
0.00 , 0 , 3681
0.00 , 0 , 3686
0.00 , 0 , 3691
0.00 , 0 , 3696
0.00 , 0 , 3700
0.00 , 0 , 3705
0.00 , 0 , 3710
0.00 , 0 , 3715
0.00 , 0 , 3720
0.00 , 0 , 3725
0.00 , 0 , 3730
0.00 , 0 , 3734
0.00 , 0 , 3739
0.00 , 0 , 3744
0.00 , 0 , 3748
0.00 , 0 , 3753
0.00 , 0 , 3759
0.00 , 0 , 3763
0.00 , 0 , 3768
0.00 , 0 , 3773
0.00 , 0 , 3778
0.00 , 0 , 3782
0.00 , 0 , 3787
0.00 , 0 , 3792
0.00 , 0 , 3796
0.00 , 0 , 3802
0.00 , 0 , 3807
0.00 , 0 , 3812
0.00 , 0 , 3816
0.00 , 0 , 3821
0.00 , 0 , 3826
0.00 , 0 , 3830
0.00 , 0 , 3835
0.00 , 0 , 3841
0.00 , 0 , 3846
0.00 , 0 , 3850
0.00 , 0 , 3855
0.00 , 0 , 3860
0.00 , 0 , 3864
0.00 , 0 , 3869
0.00 , 0 , 3874
0.00 , 0 , 3878
0.00 , 0 , 3884
0.00 , 0 , 3889
0.00 , 0 , 3894
0.00 , 0 , 3898
0.00 , 0 , 3903
0.00 , 0 , 3908
0.00 , 0 , 3912
0.00 , 0 , 3917
0.00 , 0 , 3922
0.00 , 0 , 3928
0.00 , 0 , 3932
0.00 , 0 , 3937
0.00 , 0 , 3942
0.00 , 0 , 3946
0.00 , 0 , 3951
0.00 , 0 , 3956
0.00 , 0 , 3960
0.00 , 0 , 3965
0.00 , 0 , 3971
0.00 , 0 , 3976
0.00 , 0 , 3980
0.00 , 0 , 3985
0.00 , 0 , 3990
0.00 , 0 , 3994
0.00 , 0 , 3999
0.00 , 0 , 4004
0.00 , 0 , 4009
0.00 , 0 , 4014
0.00 , 0 , 4019
0.00 , 0 , 4024
0.00 , 0 , 4028
0.00 , 0 , 4033
0.00 , 0 , 4038
0.00 , 0 , 4043
0.00 , 0 , 4047
0.00 , 0 , 4052
0.00 , 0 , 4058
0.00 , 0 , 4062
0.00 , 0 , 4067
0.00 , 0 , 4072
0.00 , 0 , 4076
0.00 , 0 , 4081
0.00 , 0 , 4086
0.00 , 0 , 4091
0.00 , 0 , 4096
0.00 , 0 , 4101
0.00 , 0 , 4106
0.00 , 0 , 4110
0.00 , 0 , 4115
0.00 , 0 , 4120
0.00 , 0 , 4125
0.00 , 0 , 4129
0.00 , 0 , 4134
0.00 , 0 , 4140
0.00 , 0 , 4144
0.00 , 0 , 4149
0.00 , 0 , 4154
0.00 , 0 , 4158
0.00 , 0 , 4163
0.00 , 0 , 4168
0.00 , 0 , 4173
0.00 , 0 , 4177
0.00 , 0 , 4183
0.00 , 0 , 4188
0.00 , 0 , 4192
0.00 , 0 , 4197
0.00 , 0 , 4202
0.00 , 0 , 4207
0.00 , 0 , 4211
0.00 , 0 , 4216
0.00 , 0 , 4221
0.00 , 0 , 4226
0.00 , 0 , 4231
0.00 , 0 , 4236
0.00 , 0 , 4241
0.00 , 0 , 4245
0.00 , 0 , 4250
0.00 , 0 , 4255
0.00 , 0 , 4259
0.00 , 0 , 4264
0.00 , 0 , 4270
0.00 , 0 , 4274
0.00 , 0 , 4279
0.00 , 0 , 4284
0.00 , 0 , 4289
0.00 , 0 , 4293
0.00 , 0 , 4298
0.00 , 0 , 4303
0.00 , 0 , 4307
0.00 , 0 , 4313
0.00 , 0 , 4318
0.00 , 0 , 4323
0.00 , 0 , 4327
0.00 , 0 , 4332
0.00 , 0 , 4337
0.00 , 0 , 4341
0.00 , 0 , 4346
0.00 , 0 , 4352
0.00 , 0 , 4356
0.00 , 0 , 4361
0.00 , 0 , 4366
0.00 , 0 , 4371
0.00 , 0 , 4375
0.00 , 0 , 4380
0.00 , 0 , 4385
0.00 , 0 , 4389
0.00 , 0 , 4395
0.00 , 0 , 4400
0.00 , 0 , 4405
0.00 , 0 , 4409
0.00 , 0 , 4414
0.00 , 0 , 4419
0.00 , 0 , 4423
0.00 , 0 , 4428
0.00 , 0 , 4433
0.00 , 0 , 4439
0.00 , 0 , 4443
0.00 , 0 , 4448
0.00 , 0 , 4453
0.00 , 0 , 4457
0.00 , 0 , 4462
0.00 , 0 , 4467
0.00 , 0 , 4471
0.00 , 0 , 4476
0.00 , 0 , 4482
0.00 , 0 , 4487
0.00 , 0 , 4491
0.00 , 0 , 4496
0.00 , 0 , 4501
0.00 , 0 , 4505
0.00 , 0 , 4510
0.00 , 0 , 4515
0.00 , 0 , 4520
0.00 , 0 , 4525
0.00 , 0 , 4530
0.00 , 0 , 4535
0.00 , 0 , 4539
0.00 , 0 , 4544
0.00 , 0 , 4549
0.00 , 0 , 4553
0.00 , 0 , 4558
0.00 , 0 , 4563
0.00 , 0 , 4569
0.00 , 0 , 4573
0.00 , 0 , 4578
0.00 , 0 , 4583
0.00 , 0 , 4587
0.00 , 0 , 4592
0.00 , 0 , 4597
0.00 , 0 , 4602
0.00 , 0 , 4606
0.00 , 0 , 4612
0.00 , 0 , 4617
0.00 , 0 , 4621
0.00 , 0 , 4626
0.00 , 0 , 4631
0.00 , 0 , 4636
0.00 , 0 , 4640
0.00 , 0 , 4645
0.00 , 0 , 4651
0.00 , 0 , 4655
0.00 , 0 , 4660
0.00 , 0 , 4665
0.00 , 0 , 4669
0.00 , 0 , 4674
0.00 , 0 , 4679
0.00 , 0 , 4684
0.00 , 0 , 4688
0.00 , 0 , 4694
0.00 , 0 , 4699
0.00 , 0 , 4703
0.00 , 0 , 4708
0.00 , 0 , 4713
0.00 , 0 , 4718
0.00 , 0 , 4722
0.00 , 0 , 4727
0.00 , 0 , 4732
0.00 , 0 , 4737
0.00 , 0 , 4742
0.00 , 0 , 4747
0.00 , 0 , 4752
0.00 , 0 , 4756
0.00 , 0 , 4761
0.00 , 0 , 4766
0.00 , 0 , 4770
0.00 , 0 , 4775
0.00 , 0 , 4781
0.00 , 0 , 4785
0.00 , 0 , 4790
0.00 , 0 , 4795
0.00 , 0 , 4800
0.00 , 0 , 4804
0.00 , 0 , 4809
0.00 , 0 , 4814
0.00 , 0 , 4818
0.00 , 0 , 4824
0.00 , 0 , 4829
0.00 , 0 , 4834
0.00 , 0 , 4838
0.00 , 0 , 4843
0.00 , 0 , 4848
0.00 , 0 , 4852
0.00 , 0 , 4857
0.00 , 0 , 4862
0.00 , 0 , 4867
0.00 , 0 , 4872
0.00 , 0 , 4877
0.00 , 0 , 4882
0.00 , 0 , 4886
0.00 , 0 , 4891
0.00 , 0 , 4896
0.00 , 0 , 4900
0.00 , 0 , 4905
0.00 , 0 , 4911
0.00 , 0 , 4916
0.00 , 0 , 4920
0.00 , 0 , 4925
0.00 , 0 , 4930
0.00 , 0 , 4934
0.00 , 0 , 4939
0.00 , 0 , 4944
0.00 , 0 , 4950
0.00 , 0 , 4954
0.00 , 0 , 4959
0.00 , 0 , 4964
0.00 , 0 , 4968
0.00 , 0 , 4973
0.00 , 0 , 4978
0.00 , 0 , 4982
0.00 , 0 , 4987
0.00 , 0 , 4993
0.00 , 0 , 4998
0.00 , 0 , 5002
0.00 , 0 , 5007
0.00 , 0 , 5012
0.00 , 0 , 5016
0.00 , 0 , 5021
0.00 , 0 , 5026
0.00 , 0 , 5031
0.00 , 0 , 5036
0.00 , 0 , 5041
0.00 , 0 , 5046
0.00 , 0 , 5050
0.00 , 0 , 5055
0.00 , 0 , 5060
0.00 , 0 , 5064
0.00 , 0 , 5069
0.00 , 0 , 5074
0.00 , 0 , 5080
0.00 , 0 , 5084
0.00 , 0 , 5089
0.00 , 0 , 5094
0.00 , 0 , 5098
0.00 , 0 , 5103
0.00 , 0 , 5108
0.00 , 0 , 5113
0.00 , 0 , 5117
0.00 , 0 , 5121
0.00 , 0 , 5126
0.00 , 0 , 5130
0.00 , 0 , 5135
0.00 , 0 , 5140
0.00 , 0 , 5145
0.00 , 0 , 5149
0.00 , 0 , 5154
0.00 , 0 , 5159
0.00 , 0 , 5164
0.00 , 0 , 5169
0.00 , 0 , 5174
0.00 , 0 , 5178
0.00 , 0 , 5183
0.00 , 0 , 5188
0.00 , 0 , 5193
0.00 , 0 , 5197
0.00 , 0 , 5202
0.00 , 0 , 5208
0.00 , 0 , 5212
0.00 , 0 , 5217
0.00 , 0 , 5222
0.00 , 0 , 5227
0.00 , 0 , 5231
0.00 , 0 , 5236
0.00 , 0 , 5241
0.00 , 0 , 5245
0.00 , 0 , 5251
0.00 , 0 , 5256
0.00 , 0 , 5260
0.00 , 0 , 5265
0.00 , 0 , 5270
0.00 , 0 , 5275
0.00 , 0 , 5279
0.00 , 0 , 5284
0.00 , 0 , 5289
0.00 , 0 , 5294
0.00 , 0 , 5299
0.00 , 0 , 5304
0.00 , 0 , 5309
0.00 , 0 , 5313
0.00 , 0 , 5318
0.00 , 0 , 5323
0.00 , 0 , 5327
0.00 , 0 , 5332
0.00 , 0 , 5338
0.00 , 0 , 5342
0.00 , 0 , 5347
0.00 , 0 , 5352
0.00 , 0 , 5357
0.00 , 0 , 5361
0.00 , 0 , 5366
0.00 , 0 , 5371
0.00 , 0 , 5376
0.00 , 0 , 5381
0.00 , 0 , 5386
0.00 , 0 , 5391
0.00 , 0 , 5395
0.00 , 0 , 5400
0.00 , 0 , 5405
0.00 , 0 , 5409
0.00 , 200 , 5414
0.00 , 200 , 5420
0.00 , 200 , 5425
1.26 , 200 , 5430
2.52 , 200 , 5434
5.05 , 200 , 5439
7.57 , 200 , 5444
10.10 , 200 , 5449
11.36 , 200 , 5454
13.88 , 200 , 5459
15.15 , 200 , 5465
17.67 , 200 , 5470
18.93 , 200 , 5475
20.19 , 200 , 5479
20.19 , 200 , 5484
21.46 , 200 , 5489
22.72 , 200 , 5494
23.98 , 200 , 5499
23.98 , 200 , 5505
25.24 , 200 , 5510
26.51 , 200 , 5515
27.77 , 200 , 5520
30.29 , 200 , 5525
31.55 , 200 , 5529
34.08 , 200 , 5534
35.34 , 200 , 5539
37.87 , 200 , 5544
40.39 , 200 , 5550
42.91 , 200 , 5555
45.44 , 200 , 5560
47.96 , 200 , 5565
50.49 , 200 , 5570
54.27 , 200 , 5574
56.80 , 200 , 5579
59.32 , 200 , 5584
61.85 , 200 , 5590
64.37 , 200 , 5595
66.90 , 0 , 5600
69.42 , 0 , 5605
70.68 , 0 , 5609
71.94 , 0 , 5614
73.21 , 0 , 5619
74.47 , 0 , 5624
75.73 , 0 , 5629
75.73 , 0 , 5635
76.99 , 0 , 5639
76.99 , 0 , 5644
78.26 , 0 , 5649
79.52 , 0 , 5654
80.78 , 0 , 5659
80.78 , 0 , 5663
82.04 , 0 , 5668
83.30 , 0 , 5673
84.57 , 0 , 5679
85.83 , 0 , 5684
85.83 , 0 , 5688
87.09 , 0 , 5693
88.35 , 0 , 5698
88.35 , 0 , 5703
89.62 , 0 , 5708
89.62 , 0 , 5712
89.62 , 0 , 5718
89.62 , 0 , 5723
89.62 , 0 , 5728
88.35 , 0 , 5733
88.35 , 0 , 5737
88.35 , 0 , 5742
87.09 , 0 , 5747
87.09 , 0 , 5752
87.09 , 0 , 5757
85.83 , 0 , 5762
85.83 , 0 , 5767
85.83 , 0 , 5772
84.57 , 0 , 5777
84.57 , 0 , 5782
84.57 , 0 , 5786
83.30 , 0 , 5791
83.30 , 0 , 5796
83.30 , 0 , 5801
82.04 , 0 , 5807
82.04 , 0 , 5812
82.04 , 0 , 5816
82.04 , 0 , 5821
80.78 , 0 , 5826
80.78 , 0 , 5831
80.78 , 0 , 5836
79.52 , 0 , 5840
79.52 , 0 , 5846
79.52 , 0 , 5851
78.26 , 0 , 5856
78.26 , 0 , 5861
76.99 , 0 , 5865
76.99 , 0 , 5870
76.99 , 0 , 5875
75.73 , 0 , 5880
75.73 , 0 , 5885
75.73 , 0 , 5890
74.47 , 0 , 5895
74.47 , 0 , 5900
73.21 , 0 , 5905
73.21 , 0 , 5910
71.94 , 0 , 5914
71.94 , 0 , 5919
71.94 , 0 , 5924
70.68 , 0 , 5929
70.68 , 0 , 5935
70.68 , 0 , 5939
69.42 , 0 , 5944
69.42 , 0 , 5949
68.16 , 0 , 5954
68.16 , 0 , 5959
68.16 , 0 , 5964
66.90 , 0 , 5968
66.90 , 0 , 5974
65.63 , 0 , 5979
65.63 , 0 , 5984
64.37 , 0 , 5989
64.37 , 0 , 5993
64.37 , 0 , 5998
63.11 , 0 , 6003
63.11 , 0 , 6008
61.85 , 0 , 6013
61.85 , 0 , 6018
61.85 , 0 , 6023
60.58 , 0 , 6028
60.58 , 0 , 6033
59.32 , 0 , 6038
59.32 , 0 , 6042
58.06 , 0 , 6047
58.06 , 0 , 6052
58.06 , 0 , 6057
56.80 , 0 , 6063
56.80 , 0 , 6067
55.54 , 0 , 6072
55.54 , 0 , 6077
55.54 , 0 , 6082
54.27 , 0 , 6087
54.27 , 0 , 6091
53.01 , 0 , 6096
53.01 , 0 , 6102
51.75 , 0 , 6107
51.75 , 0 , 6112
51.75 , 0 , 6116
50.49 , 0 , 6121
50.49 , 0 , 6126
49.23 , 0 , 6131
49.23 , 0 , 6136
47.96 , 0 , 6141
47.96 , 0 , 6146
47.96 , 0 , 6151
46.70 , 0 , 6156
46.70 , 0 , 6161
45.44 , 0 , 6166
45.44 , 0 , 6170
45.44 , 0 , 6175
44.18 , 0 , 6180
44.18 , 0 , 6185
44.18 , 0 , 6191
42.91 , 0 , 6195
42.91 , 0 , 6200
42.91 , 0 , 6205
41.65 , 0 , 6210
41.65 , 0 , 6215
41.65 , 0 , 6219
40.39 , 0 , 6224
40.39 , 0 , 6230
40.39 , 0 , 6235
39.13 , 0 , 6240
39.13 , 0 , 6244
37.87 , 0 , 6249
37.87 , 0 , 6254
37.87 , 0 , 6259
37.87 , 0 , 6264
36.60 , 0 , 6269
36.60 , 0 , 6274
36.60 , 0 , 6279
36.60 , 0 , 6284
35.34 , 0 , 6289
35.34 , 0 , 6294
35.34 , 0 , 6298
35.34 , 0 , 6303
34.08 , 0 , 6308
34.08 , 0 , 6313
34.08 , 0 , 6319
34.08 , 0 , 6323
34.08 , 0 , 6328
32.82 , 0 , 6333
32.82 , 0 , 6338
32.82 , 0 , 6343
32.82 , 0 , 6347
31.55 , 0 , 6352
31.55 , 0 , 6358
31.55 , 0 , 6363
31.55 , 0 , 6368
31.55 , 0 , 6372
31.55 , 0 , 6377
31.55 , 0 , 6382
31.55 , 0 , 6387
31.55 , 0 , 6392
31.55 , 0 , 6396
31.55 , 0 , 6402
31.55 , 0 , 6407
31.55 , 0 , 6412
31.55 , 0 , 6417
31.55 , 0 , 6421
31.55 , 0 , 6426
31.55 , 0 , 6431
31.55 , 0 , 6436
31.55 , 0 , 6441
31.55 , 0 , 6446
31.55 , 0 , 6451
31.55 , 0 , 6456
31.55 , 0 , 6461
31.55 , 0 , 6466
31.55 , 0 , 6471
31.55 , 0 , 6475
31.55 , 0 , 6480
31.55 , 0 , 6486
31.55 , 0 , 6491
31.55 , 0 , 6496
31.55 , 0 , 6500
31.55 , 0 , 6505
31.55 , 0 , 6510
31.55 , 0 , 6515
31.55 , 0 , 6520
31.55 , 0 , 6524
31.55 , 0 , 6530
31.55 , 0 , 6535
31.55 , 0 , 6540
31.55 , 0 , 6545
31.55 , 0 , 6549
31.55 , 0 , 6554
31.55 , 0 , 6559
31.55 , 0 , 6564
31.55 , 0 , 6569
31.55 , 0 , 6574
31.55 , 0 , 6579
31.55 , 0 , 6584
31.55 , 0 , 6589
31.55 , 0 , 6594
31.55 , 0 , 6598
31.55 , 0 , 6603
31.55 , 0 , 6608
31.55 , 0 , 6614
31.55 , 0 , 6619
31.55 , 0 , 6623
31.55 , 0 , 6628
31.55 , 0 , 6633
31.55 , 0 , 6638
31.55 , 0 , 6643
31.55 , 220 , 6648
31.55 , 220 , 6652
32.82 , 220 , 6658
32.82 , 220 , 6663
34.08 , 220 , 6668
36.60 , 220 , 6673
37.87 , 220 , 6678
39.13 , 220 , 6683
40.39 , 220 , 6688
41.65 , 220 , 6693
41.65 , 220 , 6697
42.91 , 220 , 6703
44.18 , 220 , 6708
45.44 , 220 , 6713
46.70 , 220 , 6718
47.96 , 220 , 6723
49.23 , 220 , 6728
50.49 , 220 , 6733
51.75 , 220 , 6738
53.01 , 220 , 6744
54.27 , 220 , 6748
55.54 , 220 , 6753
58.06 , 220 , 6758
59.32 , 220 , 6763
61.85 , 220 , 6768
63.11 , 220 , 6773
65.63 , 220 , 6778
68.16 , 220 , 6784
70.68 , 220 , 6789
73.21 , 220 , 6794
74.47 , 220 , 6798
76.99 , 220 , 6803
79.52 , 220 , 6808
82.04 , 220 , 6813
84.57 , 220 , 6818
87.09 , 220 , 6823
89.62 , 220 , 6829
92.14 , 220 , 6834
94.66 , 220 , 6839
97.19 , 220 , 6843
99.71 , 220 , 6848
102.24 , 220 , 6853
104.76 , 220 , 6858
107.29 , 220 , 6863
108.55 , 220 , 6868
111.07 , 220 , 6874
113.60 , 220 , 6879
116.12 , 0 , 6884
118.65 , 0 , 6889
121.17 , 0 , 6894
122.43 , 0 , 6898
122.43 , 0 , 6903
123.69 , 0 , 6908
123.69 , 0 , 6914
124.96 , 0 , 6919
124.96 , 0 , 6924
126.22 , 0 , 6929
126.22 , 0 , 6933
127.48 , 0 , 6938
127.48 , 0 , 6943
128.74 , 0 , 6948
130.00 , 0 , 6953
130.00 , 0 , 6959
131.27 , 0 , 6963
132.53 , 0 , 6968
132.53 , 0 , 6973
133.79 , 0 , 6978
135.05 , 0 , 6983
135.05 , 0 , 6988
136.32 , 0 , 6993
136.32 , 0 , 6998
136.32 , 0 , 7003
136.32 , 0 , 7008
135.05 , 0 , 7013
135.05 , 0 , 7018
135.05 , 0 , 7023
135.05 , 0 , 7028
135.05 , 0 , 7032
133.79 , 0 , 7037
133.79 , 0 , 7043
133.79 , 0 , 7048
133.79 , 0 , 7053
132.53 , 0 , 7058
132.53 , 0 , 7062
132.53 , 0 , 7067
132.53 , 0 , 7072
132.53 , 0 , 7077
131.27 , 0 , 7083
131.27 , 0 , 7088
131.27 , 0 , 7093
131.27 , 0 , 7097
131.27 , 0 , 7102
130.00 , 0 , 7107
130.00 , 0 , 7112
130.00 , 0 , 7117
130.00 , 0 , 7122
130.00 , 0 , 7127
130.00 , 0 , 7132
130.00 , 0 , 7137
130.00 , 0 , 7142
130.00 , 0 , 7147
130.00 , 0 , 7152
128.74 , 0 , 7157
128.74 , 0 , 7161
128.74 , 0 , 7166
128.74 , 0 , 7172
127.48 , 0 , 7177
127.48 , 0 , 7182
127.48 , 0 , 7187
127.48 , 0 , 7191
127.48 , 0 , 7196
127.48 , 0 , 7201
127.48 , 0 , 7206
127.48 , 0 , 7212
127.48 , 0 , 7217
127.48 , 0 , 7222
127.48 , 0 , 7226
127.48 , 0 , 7231
127.48 , 0 , 7236
127.48 , 0 , 7241
127.48 , 0 , 7246
127.48 , 0 , 7251
127.48 , 0 , 7256
127.48 , 0 , 7261
127.48 , 0 , 7266
127.48 , 0 , 7271
127.48 , 0 , 7276
127.48 , 0 , 7281
127.48 , 0 , 7286
127.48 , 0 , 7290
127.48 , 0 , 7296
127.48 , 0 , 7301
127.48 , 0 , 7306
127.48 , 0 , 7311
127.48 , 0 , 7316
127.48 , 0 , 7320
127.48 , 0 , 7325
127.48 , 0 , 7330
127.48 , 0 , 7335
127.48 , 0 , 7341
127.48 , 0 , 7346
127.48 , 0 , 7351
127.48 , 0 , 7355
127.48 , 0 , 7360
127.48 , 0 , 7365
127.48 , 0 , 7370
127.48 , 0 , 7375
127.48 , 0 , 7380
127.48 , 0 , 7385
127.48 , 0 , 7390
127.48 , 0 , 7395
127.48 , 0 , 7400
127.48 , 0 , 7405
127.48 , 0 , 7410
127.48 , 0 , 7415
127.48 , 0 , 7419
127.48 , 0 , 7425
127.48 , 0 , 7430
127.48 , 0 , 7435
127.48 , 0 , 7440
127.48 , 0 , 7445
127.48 , 0 , 7449
127.48 , 0 , 7454
127.48 , 0 , 7459
127.48 , 0 , 7464
127.48 , 0 , 7470
127.48 , 0 , 7475
127.48 , 0 , 7480
127.48 , 0 , 7484
127.48 , 0 , 7489
127.48 , 0 , 7494
127.48 , 0 , 7499
127.48 , 0 , 7504
127.48 , 0 , 7510
127.48 , 0 , 7514
127.48 , 0 , 7519
127.48 , 0 , 7524
127.48 , 0 , 7529
127.48 , 0 , 7534
127.48 , 0 , 7539
127.48 , 0 , 7544
127.48 , 0 , 7548
127.48 , 0 , 7554
127.48 , 0 , 7559
127.48 , 0 , 7564
127.48 , 0 , 7569
127.48 , 0 , 7574
127.48 , 0 , 7578
127.48 , 0 , 7583
127.48 , 0 , 7588
127.48 , 0 , 7593
127.48 , 0 , 7599
127.48 , 0 , 7604
127.48 , 0 , 7609
127.48 , 0 , 7613
127.48 , 0 , 7618
127.48 , 0 , 7623
127.48 , 0 , 7628
127.48 , 0 , 7633
127.48 , 0 , 7639
127.48 , 0 , 7643
127.48 , 0 , 7648
127.48 , 0 , 7653
127.48 , 0 , 7658
127.48 , 0 , 7663
127.48 , 0 , 7668
127.48 , 0 , 7673
127.48 , 0 , 7677
127.48 , 0 , 7683
127.48 , 0 , 7688
127.48 , 0 , 7693
127.48 , 0 , 7698
127.48 , 0 , 7703
127.48 , 0 , 7707
127.48 , 0 , 7712
127.48 , 0 , 7717
127.48 , 0 , 7723
127.48 , 0 , 7728
127.48 , 0 , 7733
127.48 , 0 , 7738
127.48 , 0 , 7742
127.48 , 0 , 7747
127.48 , 0 , 7752
127.48 , 0 , 7757
127.48 , 0 , 7762
127.48 , 0 , 7768
127.48 , 0 , 7772
127.48 , 0 , 7777
127.48 , 0 , 7782
127.48 , 0 , 7787
127.48 , 0 , 7792
127.48 , 0 , 7797
127.48 , 0 , 7802
127.48 , 0 , 7806
127.48 , 0 , 7812
127.48 , 0 , 7817
127.48 , 0 , 7822
127.48 , 0 , 7827
127.48 , 0 , 7832
127.48 , 0 , 7837
127.48 , 0 , 7841
127.48 , 0 , 7846
127.48 , 0 , 7852
127.48 , 0 , 7857
127.48 , 0 , 7862
127.48 , 0 , 7867
127.48 , 0 , 7871
127.48 , 0 , 7876
127.48 , 0 , 7881
127.48 , 0 , 7886
127.48 , 0 , 7891
127.48 , 0 , 7897
127.48 , 0 , 7902
127.48 , 0 , 7906
127.48 , 0 , 7911
127.48 , 0 , 7916
127.48 , 0 , 7921
127.48 , 0 , 7926
127.48 , 0 , 7931
127.48 , 0 , 7936
127.48 , 0 , 7941
127.48 , 0 , 7946
127.48 , 0 , 7951
127.48 , 0 , 7956
127.48 , 0 , 7961
127.48 , 0 , 7966
127.48 , 0 , 7970
127.48 , 0 , 7975
127.48 , 0 , 7981
127.48 , 0 , 7986
127.48 , 0 , 7991
127.48 , 0 , 7996
127.48 , 0 , 8000
127.48 , 0 , 8005
127.48 , 0 , 8010
127.48 , 0 , 8015
127.48 , 0 , 8020
127.48 , 0 , 8026
127.48 , 0 , 8031
127.48 , 0 , 8035
127.48 , 0 , 8040
127.48 , 0 , 8045
127.48 , 0 , 8050
127.48 , 0 , 8055
127.48 , 0 , 8060
127.48 , 0 , 8065
127.48 , 0 , 8070
127.48 , 0 , 8075
127.48 , 0 , 8080
127.48 , 0 , 8085
127.48 , 0 , 8090
127.48 , 0 , 8095
127.48 , 0 , 8099
127.48 , 0 , 8104
127.48 , 0 , 8110
127.48 , 0 , 8115
127.48 , 0 , 8120
127.48 , 0 , 8125
127.48 , 0 , 8129
127.48 , 0 , 8134
127.48 , 0 , 8139
127.48 , 0 , 8144
127.48 , 0 , 8150
127.48 , 0 , 8155
127.48 , 0 , 8160
127.48 , 0 , 8164
127.48 , 0 , 8169
127.48 , 0 , 8174
127.48 , 0 , 8179
127.48 , 0 , 8184
127.48 , 0 , 8189
127.48 , 0 , 8194
127.48 , 0 , 8199
127.48 , 0 , 8204
127.48 , 0 , 8209
127.48 , 0 , 8214
127.48 , 0 , 8219
127.48 , 0 , 8224
127.48 , 0 , 8228
127.48 , 0 , 8233
127.48 , 0 , 8239
127.48 , 0 , 8244
127.48 , 0 , 8249
127.48 , 0 , 8254
127.48 , 0 , 8258
127.48 , 0 , 8263
127.48 , 0 , 8268
127.48 , 0 , 8273
127.48 , 0 , 8279
127.48 , 0 , 8284
127.48 , 0 , 8289
127.48 , 0 , 8293
127.48 , 0 , 8298
127.48 , 0 , 8303
127.48 , 0 , 8308
127.48 , 0 , 8313
127.48 , 0 , 8318
127.48 , 0 , 8323
127.48 , 0 , 8328
127.48 , 0 , 8333
127.48 , 0 , 8338
127.48 , 0 , 8343
127.48 , 0 , 8348
127.48 , 0 , 8353
127.48 , 0 , 8357
127.48 , 0 , 8363
127.48 , 0 , 8368
127.48 , 0 , 8373
127.48 , 0 , 8378
127.48 , 0 , 8383
127.48 , 0 , 8388
127.48 , 0 , 8392
127.48 , 0 , 8397
127.48 , 0 , 8402
127.48 , 0 , 8408
127.48 , 0 , 8413
127.48 , 0 , 8418
127.48 , 0 , 8422
127.48 , 0 , 8427
127.48 , 0 , 8432
127.48 , 0 , 8437
127.48 , 0 , 8442
127.48 , 0 , 8448
127.48 , 0 , 8453
127.48 , 0 , 8457
127.48 , 0 , 8462
127.48 , 0 , 8467
127.48 , 0 , 8472
127.48 , 0 , 8477
127.48 , 0 , 8482
127.48 , 0 , 8486
127.48 , 0 , 8492
127.48 , 0 , 8497
127.48 , 0 , 8502
127.48 , 0 , 8507
127.48 , 0 , 8512
127.48 , 0 , 8517
127.48 , 0 , 8521
127.48 , 0 , 8526
127.48 , 0 , 8531
127.48 , 0 , 8537
127.48 , 0 , 8542
127.48 , 0 , 8547
127.48 , 0 , 8551
127.48 , 0 , 8556
127.48 , 0 , 8561
127.48 , 0 , 8566
127.48 , 0 , 8571
127.48 , 0 , 8577
127.48 , 0 , 8582
127.48 , 0 , 8586
127.48 , 0 , 8591
127.48 , 0 , 8596
127.48 , 0 , 8601
127.48 , 0 , 8606
127.48 , 0 , 8611
127.48 , 0 , 8615
127.48 , 0 , 8621
127.48 , 0 , 8626
127.48 , 0 , 8631
127.48 , 0 , 8636
127.48 , 0 , 8641
127.48 , 0 , 8646
127.48 , 0 , 8650
127.48 , 0 , 8655
127.48 , 0 , 8660
127.48 , 0 , 8666
127.48 , 0 , 8671
127.48 , 0 , 8676
127.48 , 0 , 8680
127.48 , 0 , 8685
127.48 , 0 , 8690
127.48 , 0 , 8695
127.48 , 0 , 8700
127.48 , 0 , 8706
127.48 , 0 , 8711
127.48 , 0 , 8715
127.48 , 0 , 8720
127.48 , 0 , 8725
127.48 , 0 , 8730
127.48 , 0 , 8735
127.48 , 0 , 8740
127.48 , 0 , 8744
127.48 , 0 , 8750
127.48 , 0 , 8755
127.48 , 0 , 8760
127.48 , 0 , 8765
127.48 , 0 , 8770
127.48 , 0 , 8775
127.48 , 0 , 8779
127.48 , 0 , 8784
127.48 , 0 , 8790
127.48 , 0 , 8795
127.48 , 0 , 8800
127.48 , 0 , 8805
127.48 , 0 , 8810
127.48 , 0 , 8814
127.48 , 0 , 8819
127.48 , 0 , 8824
127.48 , 0 , 8829
127.48 , 0 , 8835
127.48 , 0 , 8840
127.48 , 0 , 8844
127.48 , 0 , 8849
127.48 , 0 , 8854
127.48 , 0 , 8859
127.48 , 0 , 8864
127.48 , 0 , 8869
127.48 , 0 , 8875
127.48 , 0 , 8879
127.48 , 0 , 8884
127.48 , 0 , 8889
127.48 , 0 , 8894
127.48 , 0 , 8899
127.48 , 0 , 8904
127.48 , 0 , 8908
127.48 , 0 , 8913
127.48 , 0 , 8919
127.48 , 0 , 8924
127.48 , 0 , 8929
127.48 , 0 , 8934
127.48 , 0 , 8939
127.48 , 0 , 8943
127.48 , 0 , 8948
127.48 , 0 , 8953
127.48 , 0 , 8958
127.48 , 0 , 8964
127.48 , 0 , 8969
127.48 , 0 , 8973
127.48 , 0 , 8978
127.48 , 0 , 8983
127.48 , 0 , 8988
127.48 , 0 , 8993
127.48 , 0 , 8998
127.48 , 0 , 9004
127.48 , 0 , 9008
127.48 , 0 , 9013
127.48 , 0 , 9018
127.48 , 0 , 9023
127.48 , 0 , 9028
127.48 , 0 , 9033
127.48 , 0 , 9037
127.48 , 0 , 9042
127.48 , 0 , 9048
127.48 , 0 , 9053
127.48 , 0 , 9058
127.48 , 0 , 9063
127.48 , 0 , 9068
127.48 , 0 , 9072
127.48 , 0 , 9077
127.48 , 0 , 9082
127.48 , 0 , 9088
127.48 , 0 , 9093
127.48 , 0 , 9098
127.48 , 0 , 9102
127.48 , 0 , 9107
127.48 , 0 , 9112
127.48 , 0 , 9117
127.48 , 0 , 9122
127.48 , 0 , 9127
127.48 , 210 , 9133
127.48 , 210 , 9138
128.74 , 210 , 9143
128.74 , 210 , 9147
130.00 , 210 , 9152
130.00 , 210 , 9157
131.27 , 210 , 9162
131.27 , 210 , 9167
132.53 , 210 , 9172
132.53 , 210 , 9178
133.79 , 210 , 9183
133.79 , 210 , 9188
135.05 , 210 , 9193
135.05 , 210 , 9198
136.32 , 210 , 9203
136.32 , 210 , 9208
137.58 , 210 , 9213
137.58 , 210 , 9219
138.84 , 210 , 9224
138.84 , 210 , 9228
140.10 , 210 , 9233
141.36 , 210 , 9238
142.63 , 210 , 9243
142.63 , 210 , 9248
143.89 , 210 , 9253
145.15 , 210 , 9259
146.41 , 210 , 9264
147.68 , 0 , 9269
148.94 , 0 , 9274
150.20 , 0 , 9279
150.20 , 0 , 9283
150.20 , 0 , 9288
148.94 , 0 , 9293
148.94 , 0 , 9298
148.94 , 0 , 9304
148.94 , 0 , 9309
148.94 , 0 , 9314
148.94 , 0 , 9318
148.94 , 0 , 9323
148.94 , 0 , 9328
148.94 , 0 , 9333
148.94 , 0 , 9338
148.94 , 0 , 9344
148.94 , 0 , 9349
148.94 , 0 , 9353
148.94 , 0 , 9358
148.94 , 0 , 9363
148.94 , 0 , 9368
148.94 , 0 , 9373
148.94 , 0 , 9378
148.94 , 0 , 9382
148.94 , 0 , 9388
148.94 , 0 , 9393
148.94 , 0 , 9398
148.94 , 0 , 9403
148.94 , 0 , 9408
148.94 , 0 , 9413
148.94 , 0 , 9417
148.94 , 0 , 9422
148.94 , 0 , 9427
148.94 , 0 , 9433
148.94 , 0 , 9438
147.68 , 0 , 9443
147.68 , 0 , 9447
147.68 , 0 , 9452
147.68 , 0 , 9457
146.41 , 0 , 9462
146.41 , 0 , 9467
146.41 , 0 , 9473
145.15 , 0 , 9478
145.15 , 0 , 9482
145.15 , 0 , 9487
145.15 , 0 , 9492
145.15 , 0 , 9497
145.15 , 0 , 9502
145.15 , 0 , 9507
143.89 , 0 , 9512
143.89 , 0 , 9517
143.89 , 0 , 9522
143.89 , 0 , 9527
143.89 , 0 , 9532
143.89 , 0 , 9537
143.89 , 0 , 9542
143.89 , 0 , 9546
143.89 , 0 , 9551
143.89 , 0 , 9556
143.89 , 0 , 9562
143.89 , 0 , 9567
143.89 , 0 , 9572
143.89 , 0 , 9577
143.89 , 0 , 9581
143.89 , 0 , 9586
143.89 , 0 , 9591
143.89 , 0 , 9596
143.89 , 0 , 9602
143.89 , 0 , 9607
143.89 , 0 , 9612
143.89 , 0 , 9616
143.89 , 0 , 9621
143.89 , 0 , 9626
143.89 , 0 , 9631
143.89 , 0 , 9636
143.89 , 0 , 9641
143.89 , 0 , 9646
143.89 , 0 , 9651
143.89 , 0 , 9656
143.89 , 0 , 9661
143.89 , 0 , 9666
143.89 , 0 , 9671
143.89 , 0 , 9676
143.89 , 0 , 9680
143.89 , 0 , 9686
143.89 , 0 , 9691
143.89 , 0 , 9696
143.89 , 0 , 9701
143.89 , 0 , 9706
143.89 , 0 , 9710
143.89 , 0 , 9715
143.89 , 0 , 9720
143.89 , 0 , 9725
143.89 , 0 , 9731
143.89 , 0 , 9736
143.89 , 0 , 9741
143.89 , 0 , 9745
143.89 , 0 , 9750
143.89 , 0 , 9755
143.89 , 0 , 9760
143.89 , 0 , 9765
143.89 , 0 , 9771
143.89 , 0 , 9776
143.89 , 0 , 9780
143.89 , 0 , 9785
143.89 , 0 , 9790
143.89 , 0 , 9795
143.89 , 0 , 9800
143.89 , 0 , 9805
143.89 , 0 , 9809
143.89 , 0 , 9815
143.89 , 0 , 9820
143.89 , 0 , 9825
143.89 , 0 , 9830
143.89 , 0 , 9835
143.89 , 0 , 9840
143.89 , 0 , 9844
143.89 , 0 , 9849
143.89 , 0 , 9854
143.89 , 0 , 9860
143.89 , 0 , 9865
143.89 , 0 , 9870
143.89 , 0 , 9874
143.89 , 0 , 9879
143.89 , 0 , 9884
143.89 , 0 , 9889
143.89 , 0 , 9894
143.89 , 0 , 9900
143.89 , 0 , 9905
143.89 , 0 , 9909
143.89 , 0 , 9914
143.89 , 0 , 9919
143.89 , 0 , 9924
143.89 , 0 , 9929
143.89 , 0 , 9934
143.89 , 0 , 9939
143.89 , 0 , 9944
143.89 , 0 , 9949
143.89 , 0 , 9954
143.89 , 0 , 9959
143.89 , 0 , 9964
143.89 , 0 , 9969
143.89 , 0 , 9973
143.89 , 0 , 9978
143.89 , 0 , 9984
143.89 , 0 , 9989
143.89 , 0 , 9994
143.89 , 0 , 9999
143.89 , 0 , 10004
143.89 , 0 , 10008
143.89 , 0 , 10013
143.89 , 0 , 10018
143.89 , 0 , 10023
143.89 , 0 , 10029
143.89 , 0 , 10034
143.89 , 0 , 10039
143.89 , 0 , 10044
143.89 , 0 , 10049
143.89 , 0 , 10054
143.89 , 0 , 10058
143.89 , 0 , 10063
143.89 , 0 , 10068
143.89 , 0 , 10074
143.89 , 0 , 10079
143.89 , 0 , 10084
143.89 , 0 , 10089
143.89 , 0 , 10094
143.89 , 0 , 10099
143.89 , 0 , 10104
143.89 , 0 , 10108
143.89 , 0 , 10114
143.89 , 0 , 10119
143.89 , 0 , 10124
143.89 , 0 , 10129
143.89 , 0 , 10134
143.89 , 0 , 10139
143.89 , 0 , 10144
143.89 , 0 , 10149
143.89 , 0 , 10155
143.89 , 0 , 10159
143.89 , 0 , 10164
143.89 , 0 , 10169
143.89 , 0 , 10174
143.89 , 0 , 10179
143.89 , 0 , 10184
143.89 , 0 , 10189
143.89 , 0 , 10194
143.89 , 0 , 10200
143.89 , 0 , 10205
143.89 , 0 , 10209
143.89 , 0 , 10214
143.89 , 0 , 10219
143.89 , 0 , 10224
143.89 , 0 , 10229
143.89 , 0 , 10234
143.89 , 0 , 10240
143.89 , 0 , 10245
143.89 , 0 , 10250
143.89 , 0 , 10255
143.89 , 0 , 10259
143.89 , 0 , 10264
143.89 , 0 , 10269
143.89 , 0 , 10274
143.89 , 0 , 10279
143.89 , 0 , 10285
143.89 , 0 , 10290
143.89 , 0 , 10295
143.89 , 0 , 10300
143.89 , 0 , 10305
143.89 , 0 , 10309
143.89 , 0 , 10314
143.89 , 0 , 10319
143.89 , 0 , 10324
143.89 , 0 , 10330
143.89 , 0 , 10335
143.89 , 0 , 10340
143.89 , 0 , 10345
143.89 , 0 , 10350
143.89 , 0 , 10355
143.89 , 0 , 10359
143.89 , 0 , 10364
143.89 , 0 , 10370
143.89 , 0 , 10375
143.89 , 0 , 10380
143.89 , 0 , 10385
143.89 , 0 , 10390
143.89 , 0 , 10395
143.89 , 0 , 10400
143.89 , 0 , 10405
143.89 , 0 , 10409
143.89 , 0 , 10415
143.89 , 0 , 10420
143.89 , 0 , 10425
143.89 , 0 , 10430
143.89 , 0 , 10435
143.89 , 0 , 10440
143.89 , 0 , 10445
143.89 , 0 , 10450
143.89 , 0 , 10456
143.89 , 0 , 10460
143.89 , 0 , 10465
143.89 , 0 , 10470
143.89 , 0 , 10475
143.89 , 0 , 10480
143.89 , 0 , 10485
143.89 , 0 , 10490
143.89 , 0 , 10496
143.89 , 0 , 10501
143.89 , 0 , 10506
143.89 , 0 , 10510
143.89 , 0 , 10515
143.89 , 0 , 10520
143.89 , 0 , 10525
143.89 , 0 , 10530
143.89 , 0 , 10535
143.89 , 0 , 10541
143.89 , 0 , 10546
143.89 , 0 , 10551
143.89 , 0 , 10556
143.89 , 0 , 10560
143.89 , 0 , 10565
143.89 , 0 , 10570
143.89 , 0 , 10575
143.89 , 0 , 10580
143.89 , 0 , 10586
143.89 , 0 , 10591
143.89 , 0 , 10596
143.89 , 0 , 10601
143.89 , 0 , 10606
143.89 , 0 , 10610
143.89 , 0 , 10615
143.89 , 0 , 10620
143.89 , 0 , 10626
143.89 , 0 , 10631
143.89 , 0 , 10636
143.89 , 0 , 10641
143.89 , 0 , 10646
143.89 , 0 , 10651
143.89 , 0 , 10656
143.89 , 0 , 10660
143.89 , 0 , 10665
143.89 , 0 , 10671
143.89 , 0 , 10676
143.89 , 0 , 10681
143.89 , 0 , 10686
143.89 , 0 , 10691
143.89 , 0 , 10696
143.89 , 0 , 10701
143.89 , 0 , 10706
143.89 , 0 , 10711
143.89 , 0 , 10716
143.89 , 0 , 10721
143.89 , 0 , 10726
143.89 , 0 , 10731
143.89 , 0 , 10736
143.89 , 0 , 10741
143.89 , 0 , 10746
143.89 , 0 , 10752
143.89 , 0 , 10757
143.89 , 0 , 10761
143.89 , 0 , 10766
143.89 , 0 , 10771
143.89 , 0 , 10776
143.89 , 0 , 10781
143.89 , 0 , 10786
143.89 , 0 , 10791
143.89 , 0 , 10797
143.89 , 0 , 10802
143.89 , 0 , 10807
143.89 , 0 , 10811
143.89 , 0 , 10816
143.89 , 0 , 10821
143.89 , 0 , 10826
143.89 , 0 , 10831
143.89 , 0 , 10836
143.89 , 0 , 10842
143.89 , 0 , 10847
143.89 , 0 , 10852
143.89 , 0 , 10857
143.89 , 0 , 10861
143.89 , 0 , 10866
143.89 , 0 , 10871
143.89 , 0 , 10876
143.89 , 0 , 10882
143.89 , 0 , 10887
143.89 , 0 , 10892
143.89 , 0 , 10897
143.89 , 0 , 10902
143.89 , 0 , 10907
143.89 , 0 , 10911
143.89 , 0 , 10916
143.89 , 0 , 10921
143.89 , 0 , 10927
143.89 , 0 , 10932
143.89 , 0 , 10937
143.89 , 0 , 10942
143.89 , 0 , 10947
143.89 , 0 , 10952
143.89 , 0 , 10957
143.89 , 0 , 10961
143.89 , 0 , 10967
143.89 , 0 , 10972
143.89 , 0 , 10977
143.89 , 0 , 10982
143.89 , 0 , 10987
143.89 , 0 , 10992
143.89 , 0 , 10997
143.89 , 0 , 11002
143.89 , 0 , 11008
143.89 , 0 , 11012
143.89 , 0 , 11017
143.89 , 0 , 11022
143.89 , 0 , 11027
143.89 , 0 , 11032
143.89 , 0 , 11037
143.89 , 0 , 11042
143.89 , 0 , 11047
143.89 , 0 , 11053
143.89 , 0 , 11058
143.89 , 0 , 11062
143.89 , 0 , 11067
143.89 , 0 , 11072
143.89 , 0 , 11077
143.89 , 0 , 11082
143.89 , 0 , 11087
143.89 , 0 , 11092
143.89 , 0 , 11098
143.89 , 0 , 11103
143.89 , 0 , 11108
143.89 , 0 , 11112
143.89 , 0 , 11117
143.89 , 0 , 11122
143.89 , 0 , 11127
143.89 , 0 , 11132
143.89 , 0 , 11138
143.89 , 0 , 11143
143.89 , 0 , 11148
143.89 , 0 , 11153
143.89 , 0 , 11158
143.89 , 0 , 11162
143.89 , 0 , 11167
143.89 , 0 , 11172
143.89 , 0 , 11177
143.89 , 0 , 11183
143.89 , 0 , 11188
143.89 , 0 , 11193
143.89 , 0 , 11198
143.89 , 0 , 11203
143.89 , 0 , 11208
143.89 , 0 , 11212
143.89 , 0 , 11217
143.89 , 0 , 11223
143.89 , 0 , 11228
143.89 , 0 , 11233
143.89 , 0 , 11238
143.89 , 0 , 11243
143.89 , 0 , 11248
143.89 , 0 , 11253
143.89 , 0 , 11258
143.89 , 0 , 11262
143.89 , 0 , 11268
143.89 , 0 , 11273
143.89 , 0 , 11278
143.89 , 0 , 11283
143.89 , 0 , 11288
143.89 , 0 , 11293
143.89 , 0 , 11298
143.89 , 0 , 11303
143.89 , 0 , 11309
143.89 , 0 , 11313
143.89 , 0 , 11318
143.89 , 0 , 11323
143.89 , 0 , 11328
143.89 , 0 , 11333
143.89 , 0 , 11338
143.89 , 0 , 11343
143.89 , 0 , 11348
143.89 , 0 , 11354
143.89 , 0 , 11359
143.89 , 0 , 11363
143.89 , 0 , 11368
143.89 , 0 , 11373
143.89 , 0 , 11378
143.89 , 0 , 11383
143.89 , 0 , 11388
143.89 , 0 , 11394
143.89 , 0 , 11399
143.89 , 0 , 11404
143.89 , 0 , 11409
143.89 , 0 , 11413
143.89 , 0 , 11418
143.89 , 0 , 11423
143.89 , 0 , 11428
143.89 , 0 , 11433
143.89 , 0 , 11439
143.89 , 0 , 11444
143.89 , 0 , 11449
143.89 , 0 , 11454
143.89 , 0 , 11459
143.89 , 0 , 11463
143.89 , 0 , 11468
143.89 , 0 , 11473
143.89 , 0 , 11479
143.89 , 0 , 11484
143.89 , 0 , 11489
143.89 , 0 , 11494
143.89 , 0 , 11499
143.89 , 0 , 11504
143.89 , 0 , 11509
143.89 , 0 , 11513
143.89 , 0 , 11518
143.89 , 0 , 11524
143.89 , 0 , 11529
143.89 , 0 , 11534
143.89 , 0 , 11539
143.89 , 0 , 11544
143.89 , 0 , 11549
143.89 , 0 , 11554
143.89 , 0 , 11559
143.89 , 0 , 11564
143.89 , 0 , 11569
143.89 , 0 , 11574
143.89 , 0 , 11579
143.89 , 0 , 11584
143.89 , 0 , 11589
143.89 , 0 , 11594
143.89 , 0 , 11599
143.89 , 0 , 11604
143.89 , 0 , 11610
143.89 , 0 , 11614
143.89 , 0 , 11619
143.89 , 0 , 11624
143.89 , 0 , 11629
143.89 , 0 , 11633
143.89 , 0 , 11637
143.89 , 0 , 11641
143.89 , 0 , 11645
143.89 , 0 , 11649
143.89 , 0 , 11653
143.89 , 0 , 11657
143.89 , 0 , 11661
143.89 , 0 , 11665
143.89 , 0 , 11669
143.89 , 0 , 11673
143.89 , 0 , 11677
143.89 , 0 , 11681
143.89 , 0 , 11685
143.89 , 0 , 11689
143.89 , 0 , 11693
143.89 , 0 , 11697
143.89 , 0 , 11701
143.89 , 0 , 11705
143.89 , 0 , 11709
143.89 , 0 , 11713
143.89 , 0 , 11717
143.89 , 0 , 11721
143.89 , 0 , 11725
143.89 , 0 , 11729
143.89 , 0 , 11734
143.89 , 0 , 11738
143.89 , 0 , 11742
143.89 , 0 , 11746
143.89 , 0 , 11750
143.89 , 0 , 11754
143.89 , 0 , 11758
143.89 , 0 , 11762
143.89 , 0 , 11766
143.89 , 0 , 11770
143.89 , 0 , 11774
143.89 , 0 , 11778
143.89 , 0 , 11782
143.89 , 0 , 11786
143.89 , 0 , 11790
143.89 , 0 , 11794
143.89 , 0 , 11798
143.89 , 0 , 11802
143.89 , 0 , 11806
143.89 , 0 , 11810
143.89 , 0 , 11814
143.89 , 0 , 11819
143.89 , 0 , 11823
143.89 , 0 , 11827
143.89 , 0 , 11831
143.89 , 0 , 11835
143.89 , 0 , 11839
143.89 , 0 , 11843
143.89 , 0 , 11847
143.89 , 0 , 11851
143.89 , 0 , 11855
143.89 , 0 , 11859
143.89 , 0 , 11863
143.89 , 0 , 11867
143.89 , 0 , 11871
143.89 , 0 , 11875
143.89 , 0 , 11879
143.89 , 0 , 11883
143.89 , 0 , 11887
143.89 , 0 , 11891
143.89 , 0 , 11895
143.89 , 0 , 11899
143.89 , 0 , 11904
143.89 , 0 , 11908
143.89 , 0 , 11912
143.89 , 0 , 11916
143.89 , 0 , 11920
143.89 , 0 , 11924
143.89 , 0 , 11928
143.89 , 0 , 11932
143.89 , 0 , 11936
143.89 , 0 , 11940
143.89 , 0 , 11944
143.89 , 0 , 11948
143.89 , 0 , 11952
143.89 , 0 , 11956
143.89 , 0 , 11960
143.89 , 0 , 11964
143.89 , 0 , 11968
143.89 , 0 , 11972
143.89 , 0 , 11976
143.89 , 0 , 11980
143.89 , 0 , 11984
143.89 , 0 , 11988
143.89 , 0 , 11992
143.89 , 0 , 11996
143.89 , 0 , 12000
143.89 , 0 , 12004
143.89 , 0 , 12008
143.89 , 0 , 12012
143.89 , 0 , 12016
143.89 , 0 , 12020
143.89 , 0 , 12024
143.89 , 0 , 12028
143.89 , 0 , 12032
143.89 , 0 , 12036
143.89 , 0 , 12040
143.89 , 0 , 12044
143.89 , 0 , 12048
143.89 , 0 , 12052
143.89 , 0 , 12056
143.89 , 0 , 12060
143.89 , 0 , 12064
143.89 , 0 , 12068
143.89 , 0 , 12072
143.89 , 0 , 12076
143.89 , 0 , 12080
143.89 , 0 , 12084
143.89 , 0 , 12088
143.89 , 0 , 12092
143.89 , 0 , 12096
143.89 , 0 , 12100
143.89 , 0 , 12104
143.89 , 0 , 12108
143.89 , 0 , 12112
143.89 , 0 , 12116
143.89 , 0 , 12120
143.89 , 0 , 12124
143.89 , 0 , 12128
143.89 , 0 , 12132
143.89 , 0 , 12136
143.89 , 0 , 12140
143.89 , 0 , 12144
143.89 , 0 , 12148
143.89 , 0 , 12152
143.89 , 0 , 12156
143.89 , 0 , 12160
143.89 , 0 , 12164
143.89 , 0 , 12168
143.89 , 0 , 12172
143.89 , 0 , 12176
143.89 , 0 , 12180
143.89 , 0 , 12184
143.89 , 0 , 12188
143.89 , 0 , 12192
143.89 , 0 , 12196
143.89 , 0 , 12200
143.89 , 0 , 12204
143.89 , 0 , 12208
143.89 , 0 , 12212
143.89 , 0 , 12216
143.89 , 0 , 12220
143.89 , 0 , 12224
143.89 , 0 , 12228
143.89 , 0 , 12232
143.89 , 0 , 12236
143.89 , 0 , 12240
143.89 , 0 , 12244
143.89 , 0 , 12248
143.89 , 0 , 12252
143.89 , 0 , 12256
143.89 , 0 , 12260
143.89 , 0 , 12264
143.89 , 0 , 12268
143.89 , 0 , 12272
143.89 , 0 , 12276
143.89 , 0 , 12280
143.89 , 0 , 12284
143.89 , 0 , 12288
143.89 , 0 , 12292
143.89 , 0 , 12296
143.89 , 0 , 12300
143.89 , 0 , 12304
143.89 , 0 , 12308
143.89 , 0 , 12312
143.89 , 0 , 12316
143.89 , 0 , 12320
143.89 , 0 , 12324
143.89 , 0 , 12328
143.89 , 0 , 12332
143.89 , 0 , 12336
143.89 , 0 , 12340
143.89 , 0 , 12344
143.89 , 0 , 12348
143.89 , 0 , 12352
143.89 , 0 , 12356
143.89 , 0 , 12360
143.89 , 0 , 12364
143.89 , 0 , 12368
143.89 , 0 , 12372
143.89 , 0 , 12376
143.89 , 0 , 12380
143.89 , 0 , 12384
143.89 , 0 , 12388
143.89 , 0 , 12392
143.89 , 0 , 12396
143.89 , 0 , 12400
143.89 , 0 , 12404
143.89 , 0 , 12408
143.89 , 0 , 12412
143.89 , 0 , 12416
143.89 , 0 , 12420
143.89 , 0 , 12424
143.89 , 0 , 12428
143.89 , 0 , 12432
143.89 , 0 , 12436
143.89 , 0 , 12440
143.89 , 0 , 12444
143.89 , 0 , 12448
143.89 , 0 , 12452
143.89 , 0 , 12456
143.89 , 0 , 12460
143.89 , 0 , 12464
143.89 , 0 , 12468
143.89 , 0 , 12472
143.89 , 0 , 12476
143.89 , 0 , 12480
143.89 , 0 , 12484
143.89 , 0 , 12488
143.89 , 0 , 12492
143.89 , 0 , 12496
143.89 , 0 , 12500
143.89 , 0 , 12504
143.89 , 0 , 12508
143.89 , 0 , 12512
143.89 , 0 , 12516
143.89 , 0 , 12520
143.89 , 0 , 12524
143.89 , 0 , 12528
143.89 , 0 , 12532
143.89 , 0 , 12536
143.89 , 0 , 12540
143.89 , 0 , 12544
143.89 , 0 , 12548
143.89 , 0 , 12552
143.89 , 0 , 12556
143.89 , 0 , 12560
143.89 , 0 , 12564
143.89 , 0 , 12568
143.89 , 0 , 12572
143.89 , 0 , 12576
143.89 , 0 , 12580
143.89 , 0 , 12584
143.89 , 0 , 12588
143.89 , 0 , 12592
143.89 , 0 , 12596
143.89 , 0 , 12600
143.89 , 0 , 12604
143.89 , 0 , 12608
143.89 , 0 , 12612
143.89 , 0 , 12616
143.89 , 0 , 12620
143.89 , 0 , 12624
143.89 , 0 , 12628
143.89 , 0 , 12632
143.89 , 0 , 12636
143.89 , 0 , 12640
143.89 , 0 , 12644
143.89 , 0 , 12648
143.89 , 0 , 12652
143.89 , 0 , 12656
143.89 , 0 , 12660
143.89 , 0 , 12664
143.89 , 0 , 12668
143.89 , 0 , 12672
143.89 , 0 , 12676
143.89 , 0 , 12680
143.89 , 0 , 12684
143.89 , 0 , 12688
143.89 , 0 , 12692
143.89 , 0 , 12696
143.89 , 0 , 12700
143.89 , 0 , 12704
143.89 , 0 , 12708
143.89 , 0 , 12712
143.89 , 0 , 12716
143.89 , 0 , 12720
143.89 , 0 , 12724
143.89 , 0 , 12728
143.89 , 0 , 12732
143.89 , 0 , 12736
143.89 , 0 , 12740
143.89 , 0 , 12744
143.89 , 0 , 12748
143.89 , 0 , 12752
143.89 , 0 , 12756
143.89 , 0 , 12760
143.89 , 0 , 12764
143.89 , 0 , 12768
143.89 , 0 , 12772
143.89 , 0 , 12776
143.89 , 0 , 12780
143.89 , 0 , 12784
143.89 , 0 , 12788
143.89 , 0 , 12792
143.89 , 0 , 12796
143.89 , 0 , 12800
143.89 , 0 , 12804
143.89 , 0 , 12808
143.89 , 0 , 12812
143.89 , 0 , 12816
143.89 , 0 , 12820
143.89 , 0 , 12824
143.89 , 0 , 12828
143.89 , 0 , 12832
143.89 , 0 , 12836
143.89 , 0 , 12840
143.89 , 0 , 12844
143.89 , 0 , 12848
143.89 , 0 , 12852
143.89 , 0 , 12856
143.89 , 0 , 12860
143.89 , 0 , 12864
143.89 , 0 , 12868
143.89 , 0 , 12872
143.89 , 0 , 12876
143.89 , 0 , 12880
143.89 , 0 , 12884
143.89 , 0 , 12888
143.89 , 0 , 12892
143.89 , 0 , 12896
143.89 , 0 , 12900
143.89 , 0 , 12904
143.89 , 0 , 12908
143.89 , 0 , 12912
143.89 , 0 , 12916
143.89 , 0 , 12920
143.89 , 0 , 12924
143.89 , 0 , 12928
143.89 , 0 , 12932
143.89 , 0 , 12936
143.89 , 0 , 12940
143.89 , 0 , 12944
143.89 , 0 , 12948
143.89 , 0 , 12952
143.89 , 0 , 12956
143.89 , 0 , 12960
143.89 , 0 , 12964
143.89 , 0 , 12968
143.89 , 0 , 12972
143.89 , 0 , 12976
143.89 , 0 , 12980
143.89 , 0 , 12984
143.89 , 0 , 12988
143.89 , 0 , 12992
143.89 , 0 , 12996
143.89 , 0 , 13000
143.89 , 0 , 13004
143.89 , 0 , 13008
143.89 , 0 , 13012
143.89 , 0 , 13016
143.89 , 0 , 13020
143.89 , 0 , 13024
143.89 , 0 , 13028
143.89 , 0 , 13032
143.89 , 0 , 13036
143.89 , 0 , 13040
143.89 , 0 , 13044
143.89 , 0 , 13048
143.89 , 0 , 13052
143.89 , 0 , 13056
143.89 , 0 , 13060
143.89 , 0 , 13064
143.89 , 0 , 13068
143.89 , 0 , 13072
143.89 , 0 , 13076
143.89 , 0 , 13080
143.89 , 0 , 13084
143.89 , 0 , 13088
143.89 , 0 , 13092
143.89 , 0 , 13096