0.00 , 0 , 3002
0.00 , 0 , 3004
0.00 , 0 , 3007
0.00 , 0 , 3010
0.00 , 0 , 3012
0.00 , 0 , 3015
0.00 , 0 , 3018
0.00 , 0 , 3020
0.00 , 0 , 3023
0.00 , 0 , 3026
0.00 , 0 , 3028
0.00 , 0 , 3032
0.00 , 0 , 3035
0.00 , 0 , 3037
0.00 , 0 , 3040
0.00 , 0 , 3043
0.00 , 0 , 3046
0.00 , 0 , 3048
0.00 , 0 , 3051
0.00 , 0 , 3054
0.00 , 0 , 3056
0.00 , 0 , 3059
0.00 , 0 , 3062
0.00 , 0 , 3064
0.00 , 0 , 3067
0.00 , 0 , 3070
0.00 , 0 , 3073
0.00 , 0 , 3076
0.00 , 0 , 3079
0.00 , 0 , 3081
0.00 , 0 , 3084
0.00 , 0 , 3087
0.00 , 0 , 3089
0.00 , 0 , 3092
0.00 , 0 , 3095
0.00 , 0 , 3097
0.00 , 0 , 3100
0.00 , 0 , 3103
0.00 , 0 , 3105
0.00 , 0 , 3108
0.00 , 0 , 3111
0.00 , 0 , 3113
0.00 , 0 , 3117
0.00 , 0 , 3120
0.00 , 0 , 3122
0.00 , 0 , 3125
0.00 , 0 , 3128
0.00 , 0 , 3130
0.00 , 0 , 3133
0.00 , 0 , 3136
0.00 , 0 , 3138
0.00 , 0 , 3141
0.00 , 0 , 3144
0.00 , 0 , 3146
0.00 , 0 , 3149
0.00 , 0 , 3152
0.00 , 0 , 3155
0.00 , 0 , 3158
0.00 , 0 , 3161
0.00 , 0 , 3164
0.00 , 0 , 3166
0.00 , 0 , 3169
0.00 , 0 , 3172
0.00 , 0 , 3174
0.00 , 0 , 3177
0.00 , 0 , 3180
0.00 , 0 , 3182
0.00 , 0 , 3185
0.00 , 0 , 3188
0.00 , 0 , 3190
0.00 , 0 , 3193
0.00 , 0 , 3196
0.00 , 0 , 3198
0.00 , 0 , 3202
0.00 , 0 , 3205
0.00 , 0 , 3207
0.00 , 0 , 3210
0.00 , 0 , 3213
0.00 , 0 , 3215
0.00 , 0 , 3218
0.00 , 0 , 3221
0.00 , 0 , 3223
0.00 , 0 , 3226
0.00 , 0 , 3229
0.00 , 0 , 3231
0.00 , 0 , 3234
0.00 , 0 , 3237
0.00 , 0 , 3239
0.00 , 0 , 3243
0.00 , 0 , 3246
0.00 , 0 , 3248
0.00 , 0 , 3251
0.00 , 0 , 3254
0.00 , 0 , 3256
0.00 , 0 , 3259
0.00 , 0 , 3262
0.00 , 0 , 3265
0.00 , 0 , 3267
0.00 , 0 , 3270
0.00 , 0 , 3273
0.00 , 0 , 3275
0.00 , 0 , 3278
0.00 , 0 , 3281
0.00 , 0 , 3283
0.00 , 0 , 3287
0.00 , 0 , 3290
0.00 , 0 , 3292
0.00 , 0 , 3295
0.00 , 0 , 3298
0.00 , 0 , 3300
0.00 , 0 , 3303
0.00 , 0 , 3306
0.00 , 0 , 3308
0.00 , 0 , 3311
0.00 , 0 , 3314
0.00 , 0 , 3316
0.00 , 0 , 3319
0.00 , 0 , 3322
0.00 , 0 , 3324
0.00 , 0 , 3328
0.00 , 0 , 3331
0.00 , 0 , 3333
0.00 , 0 , 3336
0.00 , 0 , 3339
0.00 , 0 , 3341
0.00 , 0 , 3344
0.00 , 0 , 3347
0.00 , 0 , 3349
0.00 , 0 , 3352
0.00 , 0 , 3355
0.00 , 0 , 3357
0.00 , 0 , 3360
0.00 , 0 , 3363
0.00 , 0 , 3365
0.00 , 0 , 3368
0.00 , 0 , 3372
0.00 , 0 , 3374
0.00 , 0 , 3377
0.00 , 0 , 3380
0.00 , 0 , 3383
0.00 , 0 , 3385
0.00 , 0 , 3388
0.00 , 0 , 3391
0.00 , 0 , 3393
0.00 , 0 , 3396
0.00 , 0 , 3399
0.00 , 0 , 3401
0.00 , 0 , 3404
0.00 , 0 , 3407
0.00 , 0 , 3409
0.00 , 0 , 3412
0.00 , 0 , 3416
0.00 , 0 , 3418
0.00 , 0 , 3421
0.00 , 0 , 3424
0.00 , 0 , 3426
0.00 , 0 , 3429
0.00 , 0 , 3432
0.00 , 0 , 3434
0.00 , 0 , 3437
0.00 , 0 , 3440
0.00 , 0 , 3442
0.00 , 0 , 3445
0.00 , 0 , 3448
0.00 , 0 , 3450
0.00 , 0 , 3453
0.00 , 0 , 3457
0.00 , 0 , 3459
0.00 , 0 , 3462
0.00 , 0 , 3465
0.00 , 0 , 3467
0.00 , 0 , 3470
0.00 , 0 , 3473
0.00 , 0 , 3475
0.00 , 0 , 3478
0.00 , 0 , 3481
0.00 , 0 , 3483
0.00 , 0 , 3486
0.00 , 0 , 3489
0.00 , 0 , 3491
0.00 , 0 , 3494
0.00 , 0 , 3497
0.00 , 0 , 3501
0.00 , 0 , 3503
0.00 , 0 , 3506
0.00 , 0 , 3509
0.00 , 0 , 3511
0.00 , 0 , 3514
0.00 , 0 , 3517
0.00 , 0 , 3519
0.00 , 0 , 3522
0.00 , 0 , 3525
0.00 , 0 , 3527
0.00 , 0 , 3530
0.00 , 0 , 3533
0.00 , 0 , 3535
0.00 , 0 , 3538
0.00 , 0 , 3542
0.00 , 0 , 3544
0.00 , 0 , 3547
0.00 , 0 , 3550
0.00 , 0 , 3552
0.00 , 0 , 3555
0.00 , 0 , 3558
0.00 , 0 , 3560
0.00 , 0 , 3563
0.00 , 0 , 3566
0.00 , 0 , 3568
0.00 , 0 , 3571
0.00 , 0 , 3574
0.00 , 0 , 3576
0.00 , 0 , 3579
0.00 , 0 , 3582
0.00 , 0 , 3585
0.00 , 0 , 3588
0.00 , 0 , 3591
0.00 , 0 , 3593
0.00 , 0 , 3596
0.00 , 0 , 3599
0.00 , 0 , 3601
0.00 , 0 , 3604
0.00 , 0 , 3607
0.00 , 0 , 3610
0.00 , 0 , 3612
0.00 , 0 , 3615
0.00 , 0 , 3618
0.00 , 0 , 3620
0.00 , 0 , 3623
0.00 , 0 , 3627
0.00 , 0 , 3629
0.00 , 0 , 3632
0.00 , 0 , 3635
0.00 , 0 , 3637
0.00 , 0 , 3640
0.00 , 0 , 3643
0.00 , 0 , 3645
0.00 , 0 , 3648
0.00 , 0 , 3651
0.00 , 0 , 3653
0.00 , 0 , 3656
0.00 , 0 , 3659
0.00 , 0 , 3661
0.00 , 0 , 3664
0.00 , 0 , 3667
0.00 , 0 , 3670
0.00 , 0 , 3673
0.00 , 0 , 3676
0.00 , 0 , 3678
0.00 , 0 , 3681
0.00 , 0 , 3684
0.00 , 0 , 3686
0.00 , 0 , 3689
0.00 , 0 , 3692
0.00 , 0 , 3694
0.00 , 0 , 3697
0.00 , 0 , 3700
0.00 , 0 , 3702
0.00 , 0 , 3705
0.00 , 0 , 3708
0.00 , 0 , 3712
0.00 , 0 , 3714
0.00 , 0 , 3717
0.00 , 0 , 3720
0.00 , 0 , 3722
0.00 , 0 , 3725
0.00 , 0 , 3728
0.00 , 0 , 3730
0.00 , 0 , 3733
0.00 , 0 , 3736
0.00 , 0 , 3738
0.00 , 0 , 3741
0.00 , 0 , 3744
0.00 , 0 , 3746
0.00 , 0 , 3749
0.00 , 0 , 3752
0.00 , 0 , 3755
0.00 , 0 , 3758
0.00 , 0 , 3761
0.00 , 0 , 3763
0.00 , 0 , 3766
0.00 , 0 , 3769
0.00 , 0 , 3771
0.00 , 0 , 3774
0.00 , 0 , 3777
0.00 , 0 , 3779
0.00 , 0 , 3782
0.00 , 0 , 3785
0.00 , 0 , 3787
0.00 , 0 , 3790
0.00 , 0 , 3793
0.00 , 0 , 3795
0.00 , 0 , 3799
0.00 , 0 , 3802
0.00 , 0 , 3804
0.00 , 0 , 3807
0.00 , 0 , 3810
0.00 , 0 , 3812
0.00 , 0 , 3815
0.00 , 0 , 3818
0.00 , 0 , 3821
0.00 , 0 , 3823
0.00 , 0 , 3826
0.00 , 0 , 3829
0.00 , 0 , 3831
0.00 , 0 , 3834
0.00 , 0 , 3837
0.00 , 0 , 3840
0.00 , 0 , 3843
0.00 , 0 , 3846
0.00 , 0 , 3848
0.00 , 0 , 3851
0.00 , 0 , 3854
0.00 , 0 , 3856
0.00 , 0 , 3859
0.00 , 0 , 3862
0.00 , 0 , 3864
0.00 , 0 , 3867
0.00 , 0 , 3870
0.00 , 0 , 3872
0.00 , 0 , 3875
0.00 , 0 , 3878
0.00 , 0 , 3880
0.00 , 0 , 3884
0.00 , 0 , 3887
0.00 , 0 , 3889
0.00 , 0 , 3892
0.00 , 0 , 3895
0.00 , 0 , 3897
0.00 , 0 , 3900
0.00 , 0 , 3903
0.00 , 0 , 3905
0.00 , 0 , 3908
0.00 , 0 , 3911
0.00 , 0 , 3913
0.00 , 0 , 3916
0.00 , 0 , 3919
0.00 , 0 , 3922
0.00 , 0 , 3924
0.00 , 0 , 3928
0.00 , 0 , 3931
0.00 , 0 , 3933
0.00 , 0 , 3936
0.00 , 0 , 3939
0.00 , 0 , 3941
0.00 , 0 , 3944
0.00 , 0 , 3947
0.00 , 0 , 3949
0.00 , 0 , 3952
0.00 , 0 , 3955
0.00 , 0 , 3957
0.00 , 0 , 3960
0.00 , 0 , 3963
0.00 , 0 , 3965
0.00 , 0 , 3969
0.00 , 0 , 3972
0.00 , 0 , 3974
0.00 , 0 , 3977
0.00 , 0 , 3980
0.00 , 0 , 3982
0.00 , 0 , 3985
0.00 , 0 , 3988
0.00 , 0 , 3990
0.00 , 0 , 3993
0.00 , 0 , 3996
0.00 , 0 , 3998
0.00 , 0 , 4001
0.00 , 0 , 4004
0.00 , 0 , 4006
0.00 , 0 , 4009
0.00 , 0 , 4013
0.00 , 0 , 4015
0.00 , 0 , 4018
0.00 , 0 , 4021
0.00 , 0 , 4023
0.00 , 0 , 4026
0.00 , 0 , 4029
0.00 , 0 , 4032
0.00 , 0 , 4034
0.00 , 0 , 4037
0.00 , 0 , 4040
0.00 , 0 , 4042
0.00 , 0 , 4045
0.00 , 0 , 4048
0.00 , 0 , 4050
0.00 , 0 , 4054
0.00 , 0 , 4057
0.00 , 0 , 4059
0.00 , 0 , 4062
0.00 , 0 , 4065
0.00 , 0 , 4067
0.00 , 0 , 4070
0.00 , 0 , 4073
0.00 , 0 , 4075
0.00 , 0 , 4078
0.00 , 0 , 4081
0.00 , 0 , 4083
0.00 , 0 , 4086
0.00 , 0 , 4089
0.00 , 0 , 4091
0.00 , 0 , 4094
0.00 , 0 , 4098
0.00 , 0 , 4100
0.00 , 0 , 4103
0.00 , 0 , 4106
0.00 , 0 , 4108
0.00 , 0 , 4111
0.00 , 0 , 4114
0.00 , 0 , 4116
0.00 , 0 , 4119
0.00 , 0 , 4122
0.00 , 0 , 4124
0.00 , 0 , 4127
0.00 , 0 , 4130
0.00 , 0 , 4132
0.00 , 0 , 4135
0.00 , 0 , 4139
0.00 , 0 , 4141
0.00 , 0 , 4144
0.00 , 0 , 4147
0.00 , 0 , 4150
0.00 , 0 , 4152
0.00 , 0 , 4155
0.00 , 0 , 4158
0.00 , 0 , 4160
0.00 , 0 , 4163
0.00 , 0 , 4166
0.00 , 0 , 4168
0.00 , 0 , 4171
0.00 , 0 , 4174
0.00 , 0 , 4176
0.00 , 0 , 4179
0.00 , 0 , 4183
0.00 , 0 , 4185
0.00 , 0 , 4188
0.00 , 0 , 4191
0.00 , 0 , 4193
0.00 , 0 , 4196
0.00 , 0 , 4199
0.00 , 0 , 4201
0.00 , 0 , 4204
0.00 , 0 , 4207
0.00 , 0 , 4209
0.00 , 0 , 4212
0.00 , 0 , 4215
0.00 , 0 , 4217
0.00 , 0 , 4220
0.00 , 0 , 4224
0.00 , 0 , 4226
0.00 , 0 , 4229
0.00 , 0 , 4232
0.00 , 0 , 4234
0.00 , 0 , 4237
0.00 , 0 , 4240
0.00 , 0 , 4242
0.00 , 0 , 4245
0.00 , 0 , 4248
0.00 , 0 , 4250
0.00 , 0 , 4253
0.00 , 0 , 4256
0.00 , 0 , 4259
0.00 , 0 , 4261
0.00 , 0 , 4264
0.00 , 0 , 4268
0.00 , 0 , 4270
0.00 , 0 , 4273
0.00 , 0 , 4276
0.00 , 0 , 4278
0.00 , 0 , 4281
0.00 , 0 , 4284
0.00 , 0 , 4286
0.00 , 0 , 4289
0.00 , 0 , 4292
0.00 , 0 , 4294
0.00 , 0 , 4297
0.00 , 0 , 4300
0.00 , 0 , 4302
0.00 , 0 , 4305
0.00 , 0 , 4308
0.00 , 0 , 4311
0.00 , 0 , 4314
0.00 , 0 , 4317
0.00 , 0 , 4319
0.00 , 0 , 4322
0.00 , 0 , 4325
0.00 , 0 , 4327
0.00 , 0 , 4330
0.00 , 0 , 4333
0.00 , 0 , 4335
0.00 , 0 , 4338
0.00 , 0 , 4341
0.00 , 0 , 4343
0.00 , 0 , 4346
0.00 , 0 , 4349
0.00 , 0 , 4352
0.00 , 0 , 4355
0.00 , 0 , 4358
0.00 , 0 , 4360
0.00 , 0 , 4363
0.00 , 0 , 4366
0.00 , 0 , 4368
0.00 , 0 , 4371
0.00 , 0 , 4374
0.00 , 0 , 4377
0.00 , 0 , 4379
0.00 , 0 , 4382
0.00 , 0 , 4385
0.00 , 0 , 4387
0.00 , 0 , 4390
0.00 , 0 , 4393
0.00 , 0 , 4396
0.00 , 0 , 4399
0.00 , 0 , 4402
0.00 , 0 , 4404
0.00 , 0 , 4407
0.00 , 0 , 4410
0.00 , 0 , 4412
0.00 , 0 , 4415
0.00 , 0 , 4418
0.00 , 0 , 4420
0.00 , 0 , 4423
0.00 , 0 , 4426
0.00 , 0 , 4428
0.00 , 0 , 4431
0.00 , 0 , 4434
0.00 , 0 , 4436
0.00 , 0 , 4440
0.00 , 0 , 4443
0.00 , 0 , 4445
0.00 , 0 , 4448
0.00 , 0 , 4451
0.00 , 0 , 4453
0.00 , 0 , 4456
0.00 , 0 , 4459
0.00 , 0 , 4461
0.00 , 0 , 4464
0.00 , 0 , 4467
0.00 , 0 , 4469
0.00 , 0 , 4472
0.00 , 0 , 4475
0.00 , 0 , 4478
0.00 , 0 , 4481
0.00 , 0 , 4484
0.00 , 0 , 4487
0.00 , 0 , 4489
0.00 , 0 , 4492
0.00 , 0 , 4495
0.00 , 0 , 4497
0.00 , 0 , 4500
0.00 , 0 , 4503
0.00 , 0 , 4505
0.00 , 0 , 4508
0.00 , 0 , 4511
0.00 , 0 , 4513
0.00 , 0 , 4516
0.00 , 0 , 4519
0.00 , 0 , 4521
0.00 , 0 , 4525
0.00 , 0 , 4528
0.00 , 0 , 4530
0.00 , 0 , 4533
0.00 , 0 , 4536
0.00 , 0 , 4538
0.00 , 0 , 4541
0.00 , 0 , 4544
0.00 , 0 , 4546
0.00 , 0 , 4549
0.00 , 0 , 4552
0.00 , 0 , 4554
0.00 , 0 , 4557
0.00 , 0 , 4560
0.00 , 0 , 4562
0.00 , 0 , 4566
0.00 , 0 , 4569
0.00 , 0 , 4571
0.00 , 0 , 4574
0.00 , 0 , 4577
0.00 , 0 , 4579
0.00 , 0 , 4582
0.00 , 0 , 4585
0.00 , 0 , 4587
0.00 , 0 , 4590
0.00 , 0 , 4593
0.00 , 0 , 4596
0.00 , 0 , 4598
0.00 , 0 , 4601
0.00 , 0 , 4604
0.00 , 0 , 4606
0.00 , 0 , 4610
0.00 , 0 , 4613
0.00 , 0 , 4615
0.00 , 0 , 4618
0.00 , 0 , 4621
0.00 , 0 , 4623
0.00 , 0 , 4626
0.00 , 0 , 4629
0.00 , 0 , 4631
0.00 , 0 , 4634
0.00 , 0 , 4637
0.00 , 0 , 4639
0.00 , 0 , 4642
0.00 , 0 , 4645
0.00 , 0 , 4647
0.00 , 0 , 4651
0.00 , 0 , 4654
0.00 , 0 , 4656
0.00 , 0 , 4659
0.00 , 0 , 4662
0.00 , 0 , 4664
0.00 , 0 , 4667
0.00 , 0 , 4670
0.00 , 0 , 4672
0.00 , 0 , 4675
0.00 , 0 , 4678
0.00 , 0 , 4680
0.00 , 0 , 4683
0.00 , 0 , 4686
0.00 , 0 , 4688
0.00 , 0 , 4691
0.00 , 0 , 4695
0.00 , 0 , 4697
0.00 , 0 , 4700
0.00 , 0 , 4703
0.00 , 0 , 4706
0.00 , 0 , 4708
0.00 , 0 , 4711
0.00 , 0 , 4714
0.00 , 0 , 4716
0.00 , 0 , 4719
0.00 , 0 , 4722
0.00 , 0 , 4724
0.00 , 0 , 4727
0.00 , 0 , 4730
0.00 , 0 , 4732
0.00 , 0 , 4736
0.00 , 0 , 4739
0.00 , 0 , 4741
0.00 , 0 , 4744
0.00 , 0 , 4747
0.00 , 0 , 4749
0.00 , 0 , 4752
0.00 , 0 , 4755
0.00 , 0 , 4757
0.00 , 0 , 4760
0.00 , 0 , 4763
0.00 , 0 , 4765
0.00 , 0 , 4768
0.00 , 0 , 4771
0.00 , 0 , 4773
0.00 , 0 , 4776
0.00 , 0 , 4780
0.00 , 0 , 4782
0.00 , 0 , 4785
0.00 , 0 , 4788
0.00 , 0 , 4790
0.00 , 0 , 4793
0.00 , 0 , 4796
0.00 , 0 , 4798
0.00 , 0 , 4801
0.00 , 0 , 4804
0.00 , 0 , 4807
0.00 , 0 , 4809
0.00 , 0 , 4812
0.00 , 0 , 4815
0.00 , 0 , 4817
0.00 , 0 , 4820
0.00 , 0 , 4824
0.00 , 0 , 4826
0.00 , 0 , 4829
0.00 , 0 , 4832
0.00 , 0 , 4834
0.00 , 0 , 4837
0.00 , 0 , 4840
0.00 , 0 , 4842
0.00 , 0 , 4845
0.00 , 0 , 4848
0.00 , 0 , 4850
0.00 , 0 , 4853
0.00 , 0 , 4856
0.00 , 0 , 4858
0.00 , 0 , 4861
0.00 , 0 , 4865
0.00 , 0 , 4867
0.00 , 0 , 4870
0.00 , 0 , 4873
0.00 , 0 , 4875
0.00 , 0 , 4878
0.00 , 0 , 4881
0.00 , 0 , 4883
0.00 , 0 , 4886
0.00 , 0 , 4889
0.00 , 0 , 4891
0.00 , 0 , 4894
0.00 , 0 , 4897
0.00 , 0 , 4899
0.00 , 0 , 4902
0.00 , 0 , 4905
0.00 , 0 , 4908
0.00 , 0 , 4911
0.00 , 0 , 4914
0.00 , 0 , 4917
0.00 , 0 , 4919
0.00 , 0 , 4922
0.00 , 0 , 4925
0.00 , 0 , 4927
0.00 , 0 , 4930
0.00 , 0 , 4933
0.00 , 0 , 4935
0.00 , 0 , 4938
0.00 , 0 , 4941
0.00 , 0 , 4943
0.00 , 0 , 4946
0.00 , 0 , 4950
0.00 , 0 , 4952
0.00 , 0 , 4955
0.00 , 0 , 4958
0.00 , 0 , 4960
0.00 , 0 , 4963
0.00 , 0 , 4966
0.00 , 0 , 4968
0.00 , 0 , 4971
0.00 , 0 , 4974
0.00 , 0 , 4976
0.00 , 0 , 4979
0.00 , 0 , 4982
0.00 , 0 , 4984
0.00 , 0 , 4987
0.00 , 0 , 4990
0.00 , 0 , 4993
0.00 , 0 , 4996
0.00 , 0 , 4999
0.00 , 0 , 5001
0.00 , 0 , 5004
0.00 , 0 , 5007
0.00 , 0 , 5009
0.00 , 0 , 5012
0.00 , 0 , 5015
0.00 , 0 , 5017
0.00 , 0 , 5020
0.00 , 0 , 5023
0.00 , 0 , 5026
0.00 , 0 , 5028
0.00 , 0 , 5031
0.00 , 0 , 5035
0.00 , 0 , 5037
0.00 , 0 , 5040
0.00 , 0 , 5043
0.00 , 0 , 5045
0.00 , 0 , 5048
0.00 , 0 , 5051
0.00 , 0 , 5053
0.00 , 0 , 5056
0.00 , 0 , 5059
0.00 , 0 , 5061
0.00 , 0 , 5064
0.00 , 0 , 5067
0.00 , 0 , 5069
0.00 , 0 , 5072
0.00 , 0 , 5075
0.00 , 0 , 5078
0.00 , 0 , 5081
0.00 , 0 , 5084
0.00 , 0 , 5086
0.00 , 0 , 5089
0.00 , 0 , 5092
0.00 , 0 , 5094
0.00 , 0 , 5097
0.00 , 0 , 5100
0.00 , 0 , 5102
0.00 , 0 , 5105
0.00 , 0 , 5108
0.00 , 0 , 5110
0.00 , 0 , 5113
0.00 , 0 , 5116
0.00 , 0 , 5118
0.00 , 0 , 5122
0.00 , 0 , 5125
0.00 , 0 , 5128
0.00 , 0 , 5130
0.00 , 0 , 5133
0.00 , 0 , 5136
0.00 , 0 , 5138
0.00 , 0 , 5141
0.00 , 0 , 5144
0.00 , 0 , 5146
0.00 , 0 , 5149
0.00 , 0 , 5152
0.00 , 0 , 5154
0.00 , 0 , 5157
0.00 , 0 , 5160
0.00 , 0 , 5163
0.00 , 0 , 5166
0.00 , 0 , 5169
0.00 , 0 , 5171
0.00 , 0 , 5174
0.00 , 0 , 5177
0.00 , 0 , 5179
0.00 , 0 , 5182
0.00 , 0 , 5185
0.00 , 0 , 5187
0.00 , 0 , 5190
0.00 , 0 , 5193
0.00 , 0 , 5195
0.00 , 0 , 5198
0.00 , 0 , 5201
0.00 , 0 , 5203
0.00 , 0 , 5207
0.00 , 0 , 5210
0.00 , 0 , 5212
0.00 , 0 , 5215
0.00 , 0 , 5218
0.00 , 0 , 5220
0.00 , 0 , 5223
0.00 , 0 , 5226
0.00 , 0 , 5228
0.00 , 0 , 5231
0.00 , 0 , 5234
0.00 , 0 , 5236
0.00 , 0 , 5239
0.00 , 0 , 5242
0.00 , 0 , 5244
0.00 , 0 , 5248
0.00 , 0 , 5251
0.00 , 0 , 5254
0.00 , 0 , 5256
0.00 , 0 , 5259
0.00 , 0 , 5262
0.00 , 0 , 5264
0.00 , 0 , 5267
0.00 , 0 , 5270
0.00 , 0 , 5272
0.00 , 0 , 5275
0.00 , 0 , 5278
0.00 , 0 , 5280
0.00 , 0 , 5283
0.00 , 0 , 5286
0.00 , 0 , 5288
0.00 , 0 , 5292
0.00 , 0 , 5295
0.00 , 0 , 5297
0.00 , 0 , 5300
0.00 , 0 , 5303
0.00 , 0 , 5305
0.00 , 0 , 5308
0.00 , 0 , 5311
0.00 , 0 , 5313
0.00 , 0 , 5316
0.00 , 0 , 5319
0.00 , 0 , 5321
0.00 , 0 , 5324
0.00 , 0 , 5327
0.00 , 0 , 5329
0.00 , 0 , 5332
0.00 , 0 , 5336
0.00 , 0 , 5338
0.00 , 0 , 5341
0.00 , 0 , 5344
0.00 , 0 , 5346
0.00 , 0 , 5349
0.00 , 0 , 5352
0.00 , 0 , 5354
0.00 , 0 , 5357
0.00 , 0 , 5360
0.00 , 0 , 5363
0.00 , 0 , 5365
0.00 , 0 , 5368
0.00 , 0 , 5371
0.00 , 0 , 5373
0.00 , 0 , 5377
0.00 , 0 , 5380
0.00 , 0 , 5382
0.00 , 0 , 5385
0.00 , 0 , 5388
0.00 , 0 , 5390
0.00 , 0 , 5393
0.00 , 0 , 5396
0.00 , 0 , 5398
0.00 , 0 , 5401
0.00 , 0 , 5404
0.00 , 0 , 5406
0.00 , 0 , 5409
0.00 , 0 , 5412
0.00 , 0 , 5414
0.00 , 0 , 5417
0.00 , 0 , 5421
0.00 , 0 , 5423
0.00 , 0 , 5426
0.00 , 0 , 5429
0.00 , 0 , 5431
0.00 , 0 , 5434
0.00 , 0 , 5437
0.00 , 0 , 5439
0.00 , 0 , 5442
0.00 , 0 , 5445
0.00 , 0 , 5447
0.00 , 0 , 5450
0.00 , 0 , 5453
0.00 , 0 , 5455
0.00 , 0 , 5458
0.00 , 0 , 5462
0.00 , 0 , 5464
0.00 , 0 , 5467
0.00 , 0 , 5470
0.00 , 0 , 5473
0.00 , 0 , 5475
0.00 , 0 , 5478
0.00 , 0 , 5481
0.00 , 0 , 5483
0.00 , 0 , 5486
0.00 , 0 , 5489
0.00 , 0 , 5491
0.00 , 0 , 5494
0.00 , 0 , 5497
0.00 , 0 , 5499
0.00 , 0 , 5502
0.00 , 0 , 5506
0.00 , 0 , 5508
0.00 , 0 , 5511
0.00 , 0 , 5514
0.00 , 0 , 5516
0.00 , 0 , 5519
0.00 , 0 , 5522
0.00 , 0 , 5524
0.00 , 0 , 5527
0.00 , 0 , 5530
0.00 , 0 , 5532
0.00 , 0 , 5535
0.00 , 0 , 5538
0.00 , 0 , 5540
0.00 , 0 , 5543
0.00 , 0 , 5547
0.00 , 0 , 5549
0.00 , 0 , 5552
0.00 , 0 , 5555
0.00 , 0 , 5557
0.00 , 0 , 5560
0.00 , 0 , 5563
0.00 , 0 , 5565
0.00 , 0 , 5568
0.00 , 0 , 5571
0.00 , 0 , 5573
0.00 , 0 , 5576
0.00 , 0 , 5579
0.00 , 0 , 5582
0.00 , 0 , 5584
0.00 , 0 , 5587
0.00 , 0 , 5591
0.00 , 0 , 5593
0.00 , 0 , 5596
0.00 , 0 , 5599
0.00 , 0 , 5601
0.00 , 0 , 5604
0.00 , 0 , 5607
0.00 , 0 , 5609
0.00 , 0 , 5612
0.00 , 0 , 5615
0.00 , 0 , 5617
0.00 , 0 , 5620
0.00 , 0 , 5623
0.00 , 0 , 5625
0.00 , 0 , 5628
0.00 , 0 , 5632
0.00 , 0 , 5634
0.00 , 0 , 5637
0.00 , 0 , 5640
0.00 , 0 , 5642
0.00 , 0 , 5645
0.00 , 0 , 5648
0.00 , 0 , 5650
0.00 , 0 , 5653
0.00 , 0 , 5656
0.00 , 0 , 5658
0.00 , 0 , 5661
0.00 , 0 , 5664
0.00 , 0 , 5666
0.00 , 0 , 5669
0.00 , 0 , 5672
0.00 , 0 , 5675
0.00 , 0 , 5678
0.00 , 0 , 5681
0.00 , 0 , 5683
0.00 , 0 , 5686
0.00 , 0 , 5689
0.00 , 0 , 5691
0.00 , 0 , 5694
0.00 , 0 , 5697
0.00 , 0 , 5700
0.00 , 0 , 5702
0.00 , 0 , 5705
0.00 , 0 , 5708
0.00 , 0 , 5710
0.00 , 0 , 5713
0.00 , 0 , 5716
0.00 , 0 , 5719
0.00 , 0 , 5722
0.00 , 0 , 5725
0.00 , 0 , 5727
0.00 , 0 , 5730
0.00 , 0 , 5733
0.00 , 0 , 5735
0.00 , 0 , 5738
0.00 , 0 , 5741
0.00 , 250 , 5743
0.00 , 250 , 5746
0.00 , 250 , 5749
0.00 , 250 , 5752
0.00 , 250 , 5754
0.00 , 250 , 5757
0.00 , 250 , 5761
0.00 , 250 , 5764
1.26 , 250 , 5767
1.26 , 250 , 5769
3.79 , 250 , 5772
5.05 , 250 , 5775
7.57 , 250 , 5778
10.10 , 250 , 5781
11.36 , 250 , 5784
12.62 , 250 , 5787
12.62 , 250 , 5789
12.62 , 250 , 5792
12.62 , 250 , 5795
12.62 , 250 , 5798
12.62 , 250 , 5801
12.62 , 250 , 5805
12.62 , 250 , 5808
12.62 , 250 , 5811
12.62 , 250 , 5813
12.62 , 250 , 5816
12.62 , 250 , 5819
12.62 , 250 , 5822
12.62 , 250 , 5825
13.88 , 250 , 5828
13.88 , 250 , 5831
15.15 , 250 , 5834
15.15 , 250 , 5836
16.41 , 250 , 5839
16.41 , 250 , 5842
17.67 , 250 , 5846
17.67 , 250 , 5849
17.67 , 250 , 5852
17.67 , 250 , 5855
17.67 , 250 , 5858
17.67 , 250 , 5860
18.93 , 250 , 5863
18.93 , 250 , 5866
18.93 , 250 , 5869
20.19 , 250 , 5872
20.19 , 250 , 5875
20.19 , 250 , 5878
20.19 , 250 , 5880
20.19 , 250 , 5883
20.19 , 0 , 5886
21.46 , 0 , 5890
21.46 , 0 , 5893
21.46 , 0 , 5896
21.46 , 0 , 5898
21.46 , 0 , 5901
20.19 , 0 , 5904
20.19 , 0 , 5907
20.19 , 0 , 5909
20.19 , 0 , 5912
18.93 , 0 , 5915
18.93 , 0 , 5918
18.93 , 0 , 5921
18.93 , 0 , 5923
17.67 , 0 , 5926
17.67 , 0 , 5929
17.67 , 0 , 5933
17.67 , 0 , 5935
16.41 , 0 , 5938
16.41 , 0 , 5941
16.41 , 0 , 5944
16.41 , 0 , 5947
16.41 , 0 , 5949
16.41 , 0 , 5952
16.41 , 0 , 5955
16.41 , 0 , 5958
16.41 , 0 , 5961
16.41 , 0 , 5963
16.41 , 0 , 5966
16.41 , 0 , 5969
16.41 , 0 , 5972
16.41 , 0 , 5975
16.41 , 0 , 5978
16.41 , 0 , 5981
16.41 , 0 , 5984
16.41 , 0 , 5987
16.41 , 0 , 5989
16.41 , 0 , 5992
16.41 , 0 , 5995
16.41 , 0 , 5998
16.41 , 0 , 6000
16.41 , 0 , 6003
16.41 , 0 , 6006
16.41 , 0 , 6009
16.41 , 0 , 6012
15.15 , 0 , 6014
15.15 , 0 , 6018
15.15 , 0 , 6021
13.88 , 0 , 6024
13.88 , 0 , 6027
13.88 , 0 , 6029
12.62 , 0 , 6032
11.36 , 0 , 6035
11.36 , 0 , 6038
10.10 , 0 , 6040
10.10 , 0 , 6043
8.84 , 0 , 6046
8.84 , 0 , 6049
7.57 , 0 , 6051
7.57 , 0 , 6054
6.31 , 0 , 6057
6.31 , 0 , 6061
6.31 , 0 , 6063
5.05 , 0 , 6066
5.05 , 0 , 6069
3.79 , 0 , 6072
3.79 , 0 , 6074
2.52 , 0 , 6077
2.52 , 0 , 6080
2.52 , 0 , 6082
1.26 , 0 , 6085
1.26 , 0 , 6088
1.26 , 0 , 6091
0.00 , 0 , 6093
0.00 , 0 , 6096
0.00 , 0 , 6099
-1.26 , 0 , 6102
-1.26 , 0 , 6105
-1.26 , 0 , 6108
-1.26 , 0 , 6111
-2.52 , 0 , 6113
-2.52 , 0 , 6116
-2.52 , 0 , 6119
-2.52 , 0 , 6122
-2.52 , 0 , 6124
-2.52 , 0 , 6127
-2.52 , 0 , 6130
-2.52 , 0 , 6132
-1.26 , 0 , 6135
-1.26 , 0 , 6138
-1.26 , 0 , 6141
-1.26 , 0 , 6144
-1.26 , 0 , 6147
-1.26 , 0 , 6150
-1.26 , 0 , 6153
-1.26 , 0 , 6155
-1.26 , 0 , 6158
0.00 , 0 , 6161
0.00 , 0 , 6163
0.00 , 0 , 6166
0.00 , 0 , 6169
0.00 , 0 , 6171
0.00 , 0 , 6174
0.00 , 0 , 6177
0.00 , 0 , 6179
1.26 , 0 , 6182
1.26 , 0 , 6185
1.26 , 0 , 6189
1.26 , 0 , 6191
1.26 , 0 , 6194
1.26 , 0 , 6197
1.26 , 0 , 6200
1.26 , 0 , 6202
1.26 , 0 , 6205
1.26 , 0 , 6208
1.26 , 0 , 6210
1.26 , 0 , 6213
1.26 , 0 , 6216
1.26 , 0 , 6219
1.26 , 0 , 6221
1.26 , 0 , 6224
1.26 , 0 , 6227
1.26 , 0 , 6230
1.26 , 0 , 6233
1.26 , 0 , 6236
1.26 , 0 , 6239
1.26 , 0 , 6241
1.26 , 0 , 6244
1.26 , 0 , 6247
1.26 , 0 , 6250
1.26 , 0 , 6252
1.26 , 0 , 6255
1.26 , 0 , 6258
1.26 , 0 , 6260
1.26 , 0 , 6263
1.26 , 0 , 6266
1.26 , 0 , 6269
1.26 , 0 , 6272
1.26 , 0 , 6275
1.26 , 0 , 6278
1.26 , 0 , 6281
1.26 , 0 , 6283
1.26 , 0 , 6286
1.26 , 0 , 6289
1.26 , 0 , 6291
1.26 , 0 , 6294
1.26 , 0 , 6297
1.26 , 0 , 6300
1.26 , 0 , 6302
1.26 , 0 , 6305
1.26 , 0 , 6308
1.26 , 0 , 6311
1.26 , 0 , 6313
1.26 , 0 , 6317
1.26 , 0 , 6320
1.26 , 0 , 6322
1.26 , 0 , 6325
1.26 , 0 , 6328
1.26 , 0 , 6331
1.26 , 0 , 6333
1.26 , 0 , 6336
1.26 , 0 , 6339
1.26 , 0 , 6342
1.26 , 0 , 6344
1.26 , 0 , 6347
1.26 , 0 , 6350
1.26 , 0 , 6352
1.26 , 0 , 6355
1.26 , 0 , 6359
1.26 , 0 , 6362
1.26 , 0 , 6364
1.26 , 0 , 6367
1.26 , 0 , 6370
1.26 , 0 , 6372
1.26 , 0 , 6375
1.26 , 0 , 6378
1.26 , 0 , 6381
1.26 , 0 , 6383
1.26 , 0 , 6386
1.26 , 0 , 6389
1.26 , 0 , 6392
1.26 , 0 , 6394
1.26 , 0 , 6397
1.26 , 0 , 6401
1.26 , 0 , 6403
1.26 , 0 , 6406
1.26 , 0 , 6409
1.26 , 0 , 6412
1.26 , 0 , 6414
1.26 , 0 , 6417
1.26 , 0 , 6420
1.26 , 0 , 6423
1.26 , 0 , 6425
1.26 , 0 , 6428
1.26 , 0 , 6431
1.26 , 0 , 6433
1.26 , 0 , 6436
1.26 , 0 , 6439
1.26 , 0 , 6443
1.26 , 0 , 6445
1.26 , 0 , 6448
1.26 , 0 , 6451
1.26 , 0 , 6454
1.26 , 0 , 6456
1.26 , 0 , 6459
1.26 , 0 , 6462
1.26 , 0 , 6464
1.26 , 0 , 6467
1.26 , 0 , 6470
1.26 , 0 , 6473
1.26 , 0 , 6475
1.26 , 0 , 6478
1.26 , 0 , 6481
1.26 , 0 , 6483
1.26 , 0 , 6487
1.26 , 0 , 6490
1.26 , 0 , 6493
1.26 , 0 , 6495
1.26 , 0 , 6498
1.26 , 0 , 6501
1.26 , 0 , 6504
1.26 , 0 , 6506
1.26 , 0 , 6509
1.26 , 0 , 6512
1.26 , 0 , 6514
1.26 , 0 , 6517
1.26 , 0 , 6520
1.26 , 0 , 6523
1.26 , 0 , 6525
1.26 , 0 , 6529
1.26 , 0 , 6532
1.26 , 0 , 6535
1.26 , 0 , 6537
1.26 , 0 , 6540
1.26 , 0 , 6543
1.26 , 0 , 6545
1.26 , 0 , 6548
1.26 , 0 , 6551
1.26 , 0 , 6554
1.26 , 0 , 6556
1.26 , 0 , 6559
1.26 , 0 , 6562
1.26 , 0 , 6565
1.26 , 0 , 6567
1.26 , 0 , 6571
1.26 , 0 , 6574
1.26 , 0 , 6576
1.26 , 0 , 6579
1.26 , 0 , 6582
1.26 , 0 , 6585
1.26 , 0 , 6587
1.26 , 0 , 6590
1.26 , 0 , 6593
1.26 , 0 , 6595
1.26 , 0 , 6598
1.26 , 0 , 6601
1.26 , 0 , 6604
1.26 , 0 , 6606
1.26 , 0 , 6609
1.26 , 0 , 6612
1.26 , 0 , 6616
1.26 , 0 , 6618
1.26 , 0 , 6621
1.26 , 0 , 6624
1.26 , 0 , 6626
1.26 , 0 , 6629
1.26 , 0 , 6632
1.26 , 0 , 6635
1.26 , 0 , 6637
1.26 , 0 , 6640
1.26 , 0 , 6643
1.26 , 0 , 6646
1.26 , 0 , 6648
1.26 , 0 , 6651
1.26 , 0 , 6654
1.26 , 0 , 6657
1.26 , 0 , 6660
1.26 , 0 , 6663
1.26 , 0 , 6666
1.26 , 0 , 6668
1.26 , 0 , 6671
1.26 , 0 , 6674
1.26 , 0 , 6676
1.26 , 0 , 6679
1.26 , 0 , 6682
1.26 , 0 , 6685
1.26 , 0 , 6687
1.26 , 0 , 6690
1.26 , 0 , 6693
1.26 , 0 , 6696
1.26 , 0 , 6699
1.26 , 0 , 6702
1.26 , 0 , 6705
1.26 , 0 , 6707
1.26 , 0 , 6710
1.26 , 0 , 6713
1.26 , 0 , 6716
1.26 , 0 , 6718
1.26 , 0 , 6721
1.26 , 0 , 6724
1.26 , 0 , 6727
1.26 , 0 , 6729
1.26 , 0 , 6732
1.26 , 0 , 6735
1.26 , 0 , 6737
1.26 , 0 , 6740
1.26 , 0 , 6744
1.26 , 0 , 6747
1.26 , 0 , 6749
1.26 , 0 , 6752
1.26 , 0 , 6755
1.26 , 0 , 6757
1.26 , 0 , 6760
1.26 , 0 , 6763
1.26 , 0 , 6766
1.26 , 0 , 6768
1.26 , 0 , 6771
1.26 , 0 , 6774
1.26 , 0 , 6777
1.26 , 0 , 6779
1.26 , 0 , 6782
1.26 , 0 , 6786
1.26 , 0 , 6788
1.26 , 0 , 6791
1.26 , 0 , 6794
1.26 , 0 , 6797
1.26 , 0 , 6799
1.26 , 0 , 6802
1.26 , 0 , 6805
1.26 , 0 , 6808
1.26 , 0 , 6810
1.26 , 0 , 6813
1.26 , 0 , 6816
1.26 , 0 , 6818
1.26 , 0 , 6821
1.26 , 0 , 6824
1.26 , 0 , 6828
1.26 , 0 , 6830
1.26 , 0 , 6833
1.26 , 0 , 6836
1.26 , 0 , 6838
1.26 , 0 , 6841
1.26 , 0 , 6844
1.26 , 0 , 6847
1.26 , 0 , 6849
1.26 , 0 , 6852
1.26 , 0 , 6855
1.26 , 0 , 6858
1.26 , 0 , 6860
1.26 , 0 , 6863
1.26 , 0 , 6866
1.26 , 0 , 6868
1.26 , 0 , 6872
1.26 , 0 , 6875
1.26 , 0 , 6878
1.26 , 0 , 6880
1.26 , 0 , 6883
1.26 , 0 , 6886
1.26 , 0 , 6888
1.26 , 0 , 6891
1.26 , 0 , 6894
1.26 , 0 , 6897
1.26 , 0 , 6899
1.26 , 0 , 6902
1.26 , 0 , 6905
1.26 , 0 , 6908
1.26 , 0 , 6910
1.26 , 0 , 6914
1.26 , 0 , 6917
1.26 , 0 , 6919
1.26 , 0 , 6922
1.26 , 0 , 6925
1.26 , 0 , 6928
1.26 , 0 , 6930
1.26 , 0 , 6933
1.26 , 0 , 6936
1.26 , 0 , 6939
1.26 , 0 , 6941
1.26 , 0 , 6944
1.26 , 0 , 6947
1.26 , 0 , 6949
1.26 , 0 , 6952
1.26 , 0 , 6956
1.26 , 0 , 6959
1.26 , 0 , 6961
1.26 , 0 , 6964
1.26 , 0 , 6967
1.26 , 0 , 6970
1.26 , 0 , 6972
1.26 , 0 , 6975
1.26 , 0 , 6978
1.26 , 0 , 6980
1.26 , 0 , 6983
1.26 , 0 , 6986
1.26 , 0 , 6989
1.26 , 0 , 6991
1.26 , 0 , 6994
1.26 , 0 , 6998
1.26 , 0 , 7000
1.26 , 0 , 7003
1.26 , 0 , 7006
1.26 , 0 , 7009
1.26 , 0 , 7011
1.26 , 0 , 7014
1.26 , 0 , 7017
1.26 , 0 , 7020
1.26 , 0 , 7022
1.26 , 0 , 7025
1.26 , 0 , 7028
1.26 , 0 , 7030
1.26 , 0 , 7033
1.26 , 0 , 7036
1.26 , 0 , 7040
1.26 , 0 , 7042
1.26 , 0 , 7045
1.26 , 0 , 7048
1.26 , 0 , 7051
1.26 , 0 , 7053
1.26 , 0 , 7056
1.26 , 0 , 7059
1.26 , 0 , 7061
1.26 , 0 , 7064
1.26 , 0 , 7067
1.26 , 0 , 7070
1.26 , 0 , 7072
1.26 , 0 , 7075
1.26 , 0 , 7078
1.26 , 0 , 7081
1.26 , 0 , 7084
1.26 , 0 , 7087
1.26 , 0 , 7090
1.26 , 0 , 7092
1.26 , 0 , 7095
1.26 , 0 , 7098
1.26 , 0 , 7101
1.26 , 0 , 7103
1.26 , 0 , 7106
1.26 , 0 , 7109
1.26 , 0 , 7111
1.26 , 0 , 7114
1.26 , 0 , 7117
1.26 , 0 , 7120
1.26 , 0 , 7122
1.26 , 0 , 7126
1.26 , 0 , 7129
1.26 , 0 , 7132
1.26 , 0 , 7134
1.26 , 0 , 7137
1.26 , 0 , 7140
1.26 , 0 , 7142
1.26 , 230 , 7145
1.26 , 230 , 7148
1.26 , 230 , 7151
2.52 , 230 , 7154
3.79 , 230 , 7157
5.05 , 230 , 7159
7.57 , 230 , 7162
10.10 , 230 , 7165
11.36 , 230 , 7169
12.62 , 230 , 7172
12.62 , 230 , 7175
12.62 , 230 , 7178
12.62 , 230 , 7181
12.62 , 230 , 7183
12.62 , 230 , 7186
12.62 , 230 , 7189
12.62 , 230 , 7192
12.62 , 230 , 7195
12.62 , 230 , 7198
12.62 , 230 , 7201
12.62 , 230 , 7204
12.62 , 230 , 7206
12.62 , 230 , 7209
13.88 , 230 , 7213
13.88 , 230 , 7216
15.15 , 230 , 7219
15.15 , 230 , 7222
16.41 , 230 , 7225
16.41 , 230 , 7228
16.41 , 230 , 7230
16.41 , 230 , 7233
16.41 , 230 , 7236
17.67 , 230 , 7239
17.67 , 230 , 7242
17.67 , 230 , 7245
18.93 , 230 , 7248
18.93 , 230 , 7251
20.19 , 230 , 7254
20.19 , 230 , 7257
20.19 , 230 , 7260
20.19 , 230 , 7263
20.19 , 230 , 7266
20.19 , 230 , 7269
20.19 , 230 , 7272
20.19 , 230 , 7275
21.46 , 230 , 7277
22.72 , 230 , 7280
22.72 , 230 , 7283
23.98 , 230 , 7286
23.98 , 230 , 7289
23.98 , 230 , 7292
23.98 , 230 , 7296
23.98 , 230 , 7299
23.98 , 230 , 7301
23.98 , 230 , 7304
25.24 , 230 , 7307
25.24 , 230 , 7310
26.51 , 230 , 7313
26.51 , 230 , 7316
27.77 , 230 , 7319
27.77 , 230 , 7322
27.77 , 230 , 7324
27.77 , 230 , 7327
27.77 , 230 , 7330
27.77 , 230 , 7333
29.03 , 230 , 7336
29.03 , 230 , 7340
30.29 , 230 , 7343
31.55 , 230 , 7346
31.55 , 230 , 7348
31.55 , 230 , 7351
32.82 , 230 , 7354
32.82 , 230 , 7357
32.82 , 230 , 7360
32.82 , 230 , 7363
32.82 , 230 , 7366
34.08 , 230 , 7369
34.08 , 230 , 7371
34.08 , 230 , 7374
35.34 , 230 , 7377
36.60 , 0 , 7380
36.60 , 0 , 7384
36.60 , 0 , 7386
36.60 , 0 , 7389
35.34 , 0 , 7392
35.34 , 0 , 7395
34.08 , 0 , 7398
34.08 , 0 , 7400
34.08 , 0 , 7403
32.82 , 0 , 7406
32.82 , 0 , 7409
32.82 , 0 , 7412
31.55 , 0 , 7414
31.55 , 0 , 7417
31.55 , 0 , 7420
30.29 , 0 , 7424
30.29 , 0 , 7426
30.29 , 0 , 7429
30.29 , 0 , 7432
30.29 , 0 , 7435
30.29 , 0 , 7438
30.29 , 0 , 7440
30.29 , 0 , 7443
30.29 , 0 , 7446
30.29 , 0 , 7449
30.29 , 0 , 7451
30.29 , 0 , 7454
31.55 , 0 , 7457
31.55 , 0 , 7460
31.55 , 0 , 7463
31.55 , 0 , 7465
31.55 , 0 , 7469
31.55 , 0 , 7472
31.55 , 0 , 7475
31.55 , 0 , 7478
31.55 , 0 , 7480
31.55 , 0 , 7483
31.55 , 0 , 7486
30.29 , 0 , 7489
30.29 , 0 , 7491
30.29 , 0 , 7494
30.29 , 0 , 7497
30.29 , 0 , 7500
30.29 , 0 , 7503
30.29 , 0 , 7505
30.29 , 0 , 7508
30.29 , 0 , 7512
30.29 , 0 , 7515
30.29 , 0 , 7517
30.29 , 0 , 7520
30.29 , 0 , 7523
30.29 , 0 , 7526
30.29 , 0 , 7529
30.29 , 0 , 7531
30.29 , 0 , 7534
29.03 , 0 , 7537
29.03 , 0 , 7540
29.03 , 0 , 7543
27.77 , 0 , 7545
27.77 , 0 , 7548
27.77 , 0 , 7552
26.51 , 0 , 7555
26.51 , 0 , 7557
26.51 , 0 , 7560
25.24 , 0 , 7563
25.24 , 0 , 7566
23.98 , 0 , 7569
23.98 , 0 , 7571
22.72 , 0 , 7574
22.72 , 0 , 7577
22.72 , 0 , 7580
21.46 , 0 , 7582
21.46 , 0 , 7585
20.19 , 0 , 7588
20.19 , 0 , 7591
18.93 , 0 , 7595
18.93 , 0 , 7597
18.93 , 0 , 7600
17.67 , 0 , 7603
17.67 , 0 , 7606
16.41 , 0 , 7609
16.41 , 0 , 7611
15.15 , 0 , 7614
15.15 , 0 , 7617
13.88 , 0 , 7620
13.88 , 0 , 7622
12.62 , 0 , 7625
12.62 , 0 , 7628
11.36 , 0 , 7631
11.36 , 0 , 7634
10.10 , 0 , 7636
10.10 , 0 , 7640
8.84 , 0 , 7643
7.57 , 0 , 7646
7.57 , 0 , 7648
6.31 , 0 , 7651
5.05 , 0 , 7654
5.05 , 0 , 7657
3.79 , 0 , 7659
3.79 , 0 , 7662
2.52 , 0 , 7665
1.26 , 0 , 7668
1.26 , 0 , 7670
0.00 , 0 , 7673
-1.26 , 0 , 7676
-1.26 , 0 , 7678
-2.52 , 0 , 7682
-2.52 , 0 , 7685
-3.79 , 0 , 7688
-5.05 , 0 , 7690
-5.05 , 0 , 7693
-6.31 , 0 , 7696
-6.31 , 0 , 7699
-6.31 , 0 , 7701
-7.57 , 0 , 7704
-7.57 , 0 , 7707
-7.57 , 0 , 7710
-7.57 , 0 , 7712
-7.57 , 0 , 7715
-7.57 , 0 , 7718
-7.57 , 0 , 7720
-6.31 , 0 , 7724
-6.31 , 0 , 7727
-6.31 , 0 , 7730
-6.31 , 0 , 7732
-6.31 , 0 , 7735
-6.31 , 0 , 7738
-6.31 , 0 , 7741
-5.05 , 0 , 7743
-5.05 , 0 , 7746
-5.05 , 0 , 7749
-5.05 , 0 , 7752
-3.79 , 0 , 7754
-3.79 , 0 , 7757
-3.79 , 0 , 7760
-3.79 , 0 , 7763
-2.52 , 0 , 7766
-2.52 , 0 , 7769
-2.52 , 0 , 7772
-2.52 , 0 , 7774
-1.26 , 0 , 7777
-1.26 , 0 , 7780
-1.26 , 0 , 7783
-1.26 , 0 , 7785
-1.26 , 0 , 7788
-1.26 , 0 , 7791
-1.26 , 0 , 7794
0.00 , 0 , 7796
0.00 , 0 , 7799
0.00 , 0 , 7802
0.00 , 0 , 7804
0.00 , 0 , 7808
0.00 , 0 , 7811
0.00 , 0 , 7813
1.26 , 0 , 7816
1.26 , 0 , 7819
1.26 , 0 , 7822
1.26 , 0 , 7824
1.26 , 0 , 7827
1.26 , 0 , 7830
1.26 , 0 , 7832
1.26 , 0 , 7835
1.26 , 0 , 7838
1.26 , 0 , 7841
1.26 , 0 , 7843
1.26 , 0 , 7846
1.26 , 0 , 7849
1.26 , 0 , 7853
1.26 , 0 , 7855
1.26 , 0 , 7858
1.26 , 0 , 7861
1.26 , 0 , 7863
1.26 , 0 , 7866
1.26 , 0 , 7869
1.26 , 0 , 7872
1.26 , 0 , 7874
0.00 , 0 , 7877
0.00 , 0 , 7880
0.00 , 0 , 7882
0.00 , 0 , 7885
0.00 , 0 , 7888
0.00 , 0 , 7890
0.00 , 0 , 7894
0.00 , 0 , 7897
0.00 , 0 , 7899
0.00 , 0 , 7902
0.00 , 0 , 7905
0.00 , 0 , 7907
0.00 , 0 , 7910
0.00 , 0 , 7913
0.00 , 0 , 7915
0.00 , 0 , 7918
0.00 , 0 , 7921
0.00 , 0 , 7924
0.00 , 0 , 7926
0.00 , 0 , 7929
0.00 , 0 , 7932
0.00 , 0 , 7934
0.00 , 0 , 7938
0.00 , 0 , 7941
0.00 , 0 , 7943
0.00 , 0 , 7946
0.00 , 0 , 7949
0.00 , 0 , 7951
0.00 , 0 , 7954
0.00 , 0 , 7957
0.00 , 0 , 7959
0.00 , 0 , 7962
0.00 , 0 , 7965
0.00 , 0 , 7967
0.00 , 0 , 7970
0.00 , 0 , 7973
0.00 , 0 , 7975
0.00 , 0 , 7979
0.00 , 0 , 7982
0.00 , 0 , 7984
0.00 , 0 , 7987
0.00 , 0 , 7990
0.00 , 0 , 7992
0.00 , 0 , 7995
0.00 , 0 , 7998
0.00 , 0 , 8000
0.00 , 0 , 8003
0.00 , 0 , 8006
0.00 , 0 , 8008
0.00 , 0 , 8011
0.00 , 0 , 8014
0.00 , 0 , 8017
0.00 , 0 , 8019
0.00 , 0 , 8023
0.00 , 0 , 8026
0.00 , 0 , 8028
0.00 , 0 , 8031
0.00 , 0 , 8034
0.00 , 0 , 8036
0.00 , 0 , 8039
0.00 , 0 , 8042
0.00 , 0 , 8044
0.00 , 0 , 8047
0.00 , 0 , 8050
0.00 , 0 , 8052
0.00 , 0 , 8055
0.00 , 0 , 8058
0.00 , 0 , 8060
0.00 , 0 , 8064
0.00 , 0 , 8067
0.00 , 0 , 8069
0.00 , 0 , 8072
0.00 , 0 , 8075
0.00 , 0 , 8077
0.00 , 0 , 8080
0.00 , 0 , 8083
0.00 , 0 , 8085
0.00 , 0 , 8088
0.00 , 0 , 8091
0.00 , 0 , 8093
0.00 , 0 , 8096
0.00 , 0 , 8099
0.00 , 0 , 8101
0.00 , 0 , 8104
0.00 , 0 , 8108
0.00 , 0 , 8110
0.00 , 0 , 8113
0.00 , 0 , 8116
0.00 , 0 , 8119
0.00 , 0 , 8121
0.00 , 0 , 8124
0.00 , 0 , 8127
0.00 , 0 , 8129
0.00 , 0 , 8132
0.00 , 0 , 8135
0.00 , 0 , 8137
0.00 , 0 , 8140
0.00 , 0 , 8143
0.00 , 0 , 8145
0.00 , 0 , 8148
0.00 , 0 , 8152
0.00 , 0 , 8154
0.00 , 0 , 8157
0.00 , 0 , 8160
0.00 , 0 , 8162
0.00 , 0 , 8165
0.00 , 0 , 8168
0.00 , 0 , 8170
0.00 , 0 , 8173
0.00 , 0 , 8176
0.00 , 0 , 8178
0.00 , 0 , 8181
0.00 , 0 , 8184
0.00 , 0 , 8186
0.00 , 0 , 8189
0.00 , 0 , 8193
0.00 , 0 , 8195
0.00 , 0 , 8198
0.00 , 0 , 8201
0.00 , 0 , 8203
0.00 , 0 , 8206
0.00 , 0 , 8209
0.00 , 0 , 8211
0.00 , 0 , 8214
0.00 , 0 , 8217
0.00 , 0 , 8220
0.00 , 0 , 8222
0.00 , 0 , 8225
0.00 , 0 , 8228
0.00 , 0 , 8230
0.00 , 0 , 8233
0.00 , 0 , 8237
0.00 , 0 , 8239
0.00 , 0 , 8242
0.00 , 0 , 8245
0.00 , 0 , 8247
0.00 , 0 , 8250
0.00 , 0 , 8253
0.00 , 0 , 8255
0.00 , 0 , 8258
0.00 , 0 , 8261
0.00 , 0 , 8263
0.00 , 0 , 8266
0.00 , 0 , 8269
0.00 , 0 , 8271
0.00 , 0 , 8274
0.00 , 0 , 8278
0.00 , 0 , 8280
0.00 , 0 , 8283
0.00 , 0 , 8286
0.00 , 0 , 8288
0.00 , 0 , 8291
0.00 , 0 , 8294
0.00 , 0 , 8296
0.00 , 0 , 8299
0.00 , 0 , 8302
0.00 , 0 , 8304
0.00 , 0 , 8307
0.00 , 0 , 8310
0.00 , 0 , 8312
0.00 , 0 , 8315
0.00 , 0 , 8318
0.00 , 0 , 8322
0.00 , 0 , 8324
0.00 , 0 , 8327
0.00 , 0 , 8330
0.00 , 0 , 8332
0.00 , 0 , 8335
0.00 , 0 , 8338
0.00 , 0 , 8340
0.00 , 0 , 8343
0.00 , 0 , 8346
0.00 , 0 , 8348
0.00 , 0 , 8351
0.00 , 0 , 8354
0.00 , 0 , 8356
0.00 , 0 , 8359
0.00 , 0 , 8363
0.00 , 0 , 8365
0.00 , 0 , 8368
0.00 , 0 , 8371
0.00 , 0 , 8373
0.00 , 0 , 8376
0.00 , 0 , 8379
0.00 , 0 , 8381
0.00 , 0 , 8384
0.00 , 0 , 8387
0.00 , 0 , 8389
0.00 , 0 , 8392
0.00 , 0 , 8395
0.00 , 0 , 8397
0.00 , 0 , 8400
0.00 , 0 , 8403
0.00 , 0 , 8406
0.00 , 0 , 8409
0.00 , 0 , 8412
0.00 , 0 , 8415
0.00 , 0 , 8417
0.00 , 0 , 8420
0.00 , 0 , 8423
0.00 , 0 , 8425
0.00 , 0 , 8428
0.00 , 0 , 8431
0.00 , 0 , 8433
0.00 , 0 , 8436
0.00 , 0 , 8439
0.00 , 0 , 8441
0.00 , 0 , 8444
0.00 , 0 , 8448
0.00 , 0 , 8450
0.00 , 0 , 8453
0.00 , 0 , 8456
0.00 , 0 , 8458
0.00 , 0 , 8461
0.00 , 0 , 8464
0.00 , 0 , 8466
0.00 , 0 , 8469
0.00 , 0 , 8472
0.00 , 0 , 8474
0.00 , 0 , 8477
0.00 , 0 , 8480
0.00 , 0 , 8482
0.00 , 0 , 8485
0.00 , 0 , 8488
0.00 , 0 , 8491
0.00 , 0 , 8494
0.00 , 0 , 8497
0.00 , 0 , 8499
0.00 , 0 , 8502
0.00 , 0 , 8505
0.00 , 0 , 8508
0.00 , 0 , 8510
0.00 , 0 , 8513
0.00 , 0 , 8516
0.00 , 0 , 8518
0.00 , 0 , 8521
0.00 , 0 , 8524
0.00 , 0 , 8526
0.00 , 0 , 8529
0.00 , 0 , 8532
0.00 , 0 , 8535
0.00 , 0 , 8538
0.00 , 0 , 8541
0.00 , 0 , 8543
0.00 , 250 , 8546
0.00 , 250 , 8549
0.00 , 250 , 8552
1.26 , 250 , 8554
2.52 , 250 , 8557
5.05 , 250 , 8560
6.31 , 250 , 8563
7.57 , 250 , 8566
8.84 , 250 , 8569
8.84 , 250 , 8571
8.84 , 250 , 8574
8.84 , 250 , 8578
8.84 , 250 , 8581
8.84 , 250 , 8584
8.84 , 250 , 8586
8.84 , 250 , 8589
8.84 , 250 , 8592
8.84 , 250 , 8595
10.10 , 250 , 8598
10.10 , 250 , 8601
10.10 , 250 , 8604
10.10 , 250 , 8606
10.10 , 250 , 8609
10.10 , 250 , 8612
10.10 , 250 , 8615
11.36 , 250 , 8619
11.36 , 250 , 8622
12.62 , 250 , 8625
12.62 , 250 , 8628
13.88 , 250 , 8630
13.88 , 250 , 8633
13.88 , 250 , 8636
13.88 , 250 , 8639
13.88 , 250 , 8642
15.15 , 250 , 8645
15.15 , 250 , 8648
15.15 , 250 , 8651
16.41 , 250 , 8653
16.41 , 250 , 8656
16.41 , 250 , 8659
17.67 , 0 , 8663
17.67 , 0 , 8666
17.67 , 0 , 8669
17.67 , 0 , 8671
16.41 , 0 , 8674
16.41 , 0 , 8677
15.15 , 0 , 8680
15.15 , 0 , 8682
15.15 , 0 , 8685
13.88 , 0 , 8688
13.88 , 0 , 8691
13.88 , 0 , 8694
12.62 , 0 , 8696
12.62 , 0 , 8699
12.62 , 0 , 8702
11.36 , 0 , 8706
11.36 , 0 , 8709
11.36 , 0 , 8711
11.36 , 0 , 8714
11.36 , 0 , 8717
10.10 , 0 , 8720
10.10 , 0 , 8722
10.10 , 0 , 8725
10.10 , 0 , 8728
10.10 , 0 , 8731
10.10 , 0 , 8734
10.10 , 0 , 8736
10.10 , 0 , 8739
10.10 , 0 , 8742
10.10 , 0 , 8745
10.10 , 0 , 8748
10.10 , 0 , 8751
10.10 , 0 , 8754
10.10 , 0 , 8757
10.10 , 0 , 8760
10.10 , 0 , 8762
10.10 , 0 , 8765
10.10 , 0 , 8768
10.10 , 0 , 8771
10.10 , 0 , 8774
10.10 , 0 , 8776
10.10 , 0 , 8779
10.10 , 0 , 8782
10.10 , 0 , 8785
10.10 , 0 , 8787
10.10 , 0 , 8791
10.10 , 0 , 8794
10.10 , 0 , 8797
10.10 , 0 , 8800
8.84 , 0 , 8802
8.84 , 0 , 8805
7.57 , 0 , 8808
7.57 , 0 , 8810
6.31 , 0 , 8813
6.31 , 0 , 8816
5.05 , 0 , 8819
5.05 , 0 , 8821
5.05 , 0 , 8824
3.79 , 0 , 8827
3.79 , 0 , 8830
2.52 , 0 , 8833
2.52 , 0 , 8836
1.26 , 0 , 8839
1.26 , 0 , 8842
0.00 , 0 , 8844
0.00 , 0 , 8847
0.00 , 0 , 8850
-1.26 , 0 , 8852
-1.26 , 0 , 8855
-2.52 , 0 , 8858
-2.52 , 0 , 8861
-2.52 , 0 , 8863
-3.79 , 0 , 8866
-3.79 , 0 , 8869
-3.79 , 0 , 8871
-5.05 , 0 , 8875
-5.05 , 0 , 8878
-5.05 , 0 , 8881
-5.05 , 0 , 8883
-5.05 , 0 , 8886
-5.05 , 0 , 8889
-5.05 , 0 , 8892
-5.05 , 0 , 8894
-5.05 , 0 , 8897
-5.05 , 0 , 8900
-3.79 , 0 , 8903
-3.79 , 0 , 8905
-3.79 , 0 , 8908
-3.79 , 0 , 8911
-3.79 , 0 , 8914
-3.79 , 0 , 8916
-3.79 , 0 , 8920
-3.79 , 0 , 8923
-3.79 , 0 , 8925
-3.79 , 0 , 8928
-2.52 , 0 , 8931
-2.52 , 0 , 8934
-2.52 , 0 , 8936
-2.52 , 0 , 8939
-2.52 , 0 , 8942
-2.52 , 0 , 8945
-2.52 , 0 , 8947
-2.52 , 0 , 8950
-2.52 , 0 , 8953
-2.52 , 0 , 8956
-2.52 , 0 , 8958
-2.52 , 0 , 8962
-2.52 , 0 , 8965
-2.52 , 0 , 8967
-2.52 , 0 , 8970
-2.52 , 0 , 8973
-2.52 , 0 , 8976
-2.52 , 0 , 8978
-2.52 , 0 , 8981
-2.52 , 0 , 8984
-2.52 , 0 , 8987
-2.52 , 0 , 8989
-2.52 , 0 , 8992
-2.52 , 0 , 8995
-2.52 , 0 , 8998
-2.52 , 0 , 9000
-2.52 , 0 , 9004
-2.52 , 0 , 9007
-2.52 , 0 , 9010
-2.52 , 0 , 9012
-2.52 , 0 , 9015
-2.52 , 0 , 9018
-2.52 , 0 , 9020
-2.52 , 0 , 9023
-2.52 , 0 , 9026
-2.52 , 0 , 9029
-2.52 , 0 , 9031
-2.52 , 0 , 9034
-2.52 , 0 , 9037
-2.52 , 0 , 9040
-2.52 , 0 , 9042
-2.52 , 0 , 9046
-2.52 , 0 , 9049
-2.52 , 0 , 9052
-2.52 , 0 , 9054
-2.52 , 0 , 9057
-2.52 , 0 , 9060
-2.52 , 0 , 9062
-2.52 , 0 , 9065
-2.52 , 0 , 9068
-2.52 , 0 , 9071
-2.52 , 0 , 9073
-2.52 , 0 , 9076
-2.52 , 0 , 9079
-2.52 , 0 , 9082
-2.52 , 0 , 9084
-2.52 , 0 , 9088
-2.52 , 0 , 9091
-2.52 , 0 , 9094
-2.52 , 0 , 9096
-2.52 , 0 , 9099
-2.52 , 0 , 9102
-2.52 , 0 , 9105
-2.52 , 0 , 9107
-2.52 , 0 , 9110
-2.52 , 0 , 9113
-2.52 , 0 , 9115
-2.52 , 0 , 9118
-2.52 , 0 , 9121
-2.52 , 0 , 9124
-2.52 , 0 , 9126
-2.52 , 0 , 9129
-2.52 , 0 , 9133
-2.52 , 0 , 9136
-2.52 , 0 , 9138
-2.52 , 0 , 9141
-2.52 , 0 , 9144
-2.52 , 0 , 9147
-2.52 , 0 , 9149
-2.52 , 0 , 9152
-2.52 , 0 , 9155
-2.52 , 0 , 9157
-2.52 , 0 , 9160
-2.52 , 0 , 9163
-2.52 , 0 , 9166
-2.52 , 0 , 9168
-2.52 , 0 , 9171
-2.52 , 0 , 9175
-2.52 , 0 , 9178
-2.52 , 0 , 9180
-2.52 , 0 , 9183
-2.52 , 0 , 9186
-2.52 , 0 , 9189
-2.52 , 0 , 9191
-2.52 , 0 , 9194
-2.52 , 0 , 9197
-2.52 , 0 , 9200
-2.52 , 0 , 9202
-2.52 , 0 , 9205
-2.52 , 0 , 9208
-2.52 , 0 , 9210
-2.52 , 0 , 9213
-2.52 , 0 , 9217
-2.52 , 0 , 9220
-2.52 , 0 , 9222
-2.52 , 0 , 9225
-2.52 , 0 , 9228
-2.52 , 0 , 9231
-2.52 , 0 , 9233
-2.52 , 0 , 9236
-2.52 , 0 , 9239
-2.52 , 0 , 9242
-2.52 , 0 , 9244
-2.52 , 0 , 9247
-2.52 , 0 , 9250
-2.52 , 0 , 9253
-2.52 , 0 , 9255
-2.52 , 0 , 9259
-2.52 , 0 , 9262
-2.52 , 0 , 9264
-2.52 , 0 , 9267
-2.52 , 0 , 9270
-2.52 , 0 , 9273
-2.52 , 0 , 9275
-2.52 , 0 , 9278
-2.52 , 0 , 9281
-2.52 , 0 , 9284
-2.52 , 0 , 9286
-2.52 , 0 , 9289
-2.52 , 0 , 9292
-2.52 , 0 , 9295
-2.52 , 0 , 9297
-2.52 , 0 , 9300
-2.52 , 0 , 9304
-2.52 , 0 , 9306
-2.52 , 0 , 9309
-2.52 , 0 , 9312
-2.52 , 0 , 9315
-2.52 , 0 , 9317
-2.52 , 0 , 9320
-2.52 , 0 , 9323
-2.52 , 0 , 9326
-2.52 , 0 , 9328
-2.52 , 0 , 9331
-2.52 , 0 , 9334
-2.52 , 0 , 9337
-2.52 , 0 , 9339
-2.52 , 0 , 9342
-2.52 , 0 , 9346
-2.52 , 0 , 9349
-2.52 , 0 , 9351
-2.52 , 0 , 9354
-2.52 , 0 , 9357
-2.52 , 0 , 9359
-2.52 , 0 , 9362
-2.52 , 0 , 9365
-2.52 , 0 , 9368
-2.52 , 0 , 9370
-2.52 , 0 , 9373
-2.52 , 0 , 9376
-2.52 , 0 , 9379
-2.52 , 0 , 9381
-2.52 , 0 , 9384
-2.52 , 0 , 9388
-2.52 , 0 , 9391
-2.52 , 0 , 9393
-2.52 , 0 , 9396
-2.52 , 0 , 9399
-2.52 , 0 , 9401
-2.52 , 0 , 9404
-2.52 , 0 , 9407
-2.52 , 0 , 9410
-2.52 , 0 , 9412
-2.52 , 0 , 9415
-2.52 , 0 , 9418
-2.52 , 0 , 9421
-2.52 , 0 , 9423
-2.52 , 0 , 9426
-2.52 , 0 , 9430
-2.52 , 0 , 9433
-2.52 , 0 , 9435
-2.52 , 0 , 9438
-2.52 , 0 , 9441
-2.52 , 0 , 9443
-2.52 , 0 , 9446
-2.52 , 0 , 9449
-2.52 , 0 , 9452
-2.52 , 0 , 9454
-2.52 , 0 , 9457
-2.52 , 0 , 9460
-2.52 , 0 , 9463
-2.52 , 0 , 9465
-2.52 , 0 , 9468
-2.52 , 0 , 9472
-2.52 , 0 , 9475
-2.52 , 0 , 9477
-2.52 , 0 , 9480
-2.52 , 0 , 9483
-2.52 , 0 , 9486
-2.52 , 0 , 9488
-2.52 , 0 , 9491
-2.52 , 0 , 9494
-2.52 , 0 , 9496
-2.52 , 0 , 9499
-2.52 , 0 , 9502
-2.52 , 0 , 9505
-2.52 , 0 , 9507
-2.52 , 0 , 9510
-2.52 , 0 , 9513
-2.52 , 0 , 9517
-2.52 , 0 , 9519
-2.52 , 0 , 9522
-2.52 , 0 , 9525
-2.52 , 0 , 9528
-2.52 , 0 , 9530
-2.52 , 0 , 9533
-2.52 , 0 , 9536
-2.52 , 0 , 9538
-2.52 , 0 , 9541
-2.52 , 0 , 9544
-2.52 , 0 , 9547
-2.52 , 0 , 9549
-2.52 , 0 , 9552
-2.52 , 0 , 9555
-2.52 , 0 , 9559
-2.52 , 0 , 9561
-2.52 , 0 , 9564
-2.52 , 0 , 9567
-2.52 , 0 , 9570
-2.52 , 0 , 9572
-2.52 , 0 , 9575
-2.52 , 0 , 9578
-2.52 , 0 , 9581
-2.52 , 0 , 9583
-2.52 , 0 , 9586
-2.52 , 0 , 9589
-2.52 , 0 , 9591
-2.52 , 0 , 9594
-2.52 , 0 , 9597
-2.52 , 0 , 9601
-2.52 , 0 , 9603
-2.52 , 0 , 9606
-2.52 , 0 , 9609
-2.52 , 0 , 9612
-2.52 , 0 , 9614
-2.52 , 0 , 9617
-2.52 , 0 , 9620
-2.52 , 0 , 9623
-2.52 , 0 , 9625
-2.52 , 0 , 9628
-2.52 , 0 , 9631
-2.52 , 0 , 9633
-2.52 , 0 , 9636
-2.52 , 0 , 9639
-2.52 , 0 , 9643
-2.52 , 0 , 9645
-2.52 , 0 , 9648
-2.52 , 0 , 9651
-2.52 , 0 , 9654
-2.52 , 0 , 9656
-2.52 , 0 , 9659
-2.52 , 0 , 9662
-2.52 , 0 , 9665
-2.52 , 0 , 9667
-2.52 , 0 , 9670
-2.52 , 0 , 9673
-2.52 , 0 , 9675
-2.52 , 0 , 9678
-2.52 , 0 , 9681
-2.52 , 0 , 9684
-2.52 , 0 , 9687
-2.52 , 0 , 9690
-2.52 , 0 , 9693
-2.52 , 0 , 9696
-2.52 , 0 , 9698
-2.52 , 0 , 9701
-2.52 , 0 , 9704
-2.52 , 0 , 9707
-2.52 , 0 , 9709
-2.52 , 0 , 9712
-2.52 , 0 , 9715
-2.52 , 0 , 9718
-2.52 , 0 , 9720
-2.52 , 0 , 9723
-2.52 , 0 , 9726
-2.52 , 0 , 9729
-2.52 , 0 , 9732
-2.52 , 0 , 9735
-2.52 , 0 , 9738
-2.52 , 0 , 9740
-2.52 , 0 , 9743
-2.52 , 0 , 9746
-2.52 , 0 , 9749
-2.52 , 0 , 9751
-2.52 , 0 , 9754
-2.52 , 0 , 9757
-2.52 , 0 , 9760
-2.52 , 0 , 9762
-2.52 , 0 , 9765
-2.52 , 0 , 9768
-2.52 , 0 , 9771
-2.52 , 0 , 9774
-2.52 , 0 , 9777
-2.52 , 0 , 9780
-2.52 , 0 , 9782
-2.52 , 0 , 9785
-2.52 , 0 , 9788
-2.52 , 0 , 9791
-2.52 , 0 , 9793
-2.52 , 0 , 9796
-2.52 , 0 , 9799
-2.52 , 0 , 9802
-2.52 , 0 , 9804
-2.52 , 0 , 9807
-2.52 , 0 , 9810
-2.52 , 0 , 9812
-2.52 , 0 , 9816
-2.52 , 0 , 9819
-2.52 , 0 , 9822
-2.52 , 0 , 9824
-2.52 , 0 , 9827
-2.52 , 0 , 9830
-2.52 , 0 , 9833
-2.52 , 0 , 9835
-2.52 , 0 , 9838
-2.52 , 0 , 9841
-2.52 , 0 , 9844
-2.52 , 0 , 9846
-2.52 , 0 , 9849
-2.52 , 0 , 9852
-2.52 , 0 , 9854
-2.52 , 0 , 9858
-2.52 , 0 , 9861
-2.52 , 0 , 9864
-2.52 , 0 , 9866
-2.52 , 0 , 9869
-2.52 , 0 , 9872
-2.52 , 0 , 9875
-2.52 , 0 , 9877
-2.52 , 0 , 9880
-2.52 , 0 , 9883
-2.52 , 0 , 9886
-2.52 , 0 , 9888
-2.52 , 0 , 9891
-2.52 , 0 , 9894
-2.52 , 0 , 9897
-2.52 , 0 , 9900
-2.52 , 0 , 9903
-2.52 , 0 , 9906
-2.52 , 0 , 9908
-2.52 , 0 , 9911
-2.52 , 0 , 9914
-2.52 , 0 , 9917
-2.52 , 0 , 9919
-2.52 , 0 , 9922
-2.52 , 0 , 9925
-2.52 , 0 , 9928
-2.52 , 0 , 9930
-2.52 , 0 , 9933
-2.52 , 0 , 9936
-2.52 , 0 , 9939
-2.52 , 0 , 9942
-2.52 , 0 , 9945
-2.52 , 0 , 9948
-2.52 , 0 , 9950
-2.52 , 255 , 9953
-2.52 , 255 , 9956
-1.26 , 255 , 9959
0.00 , 255 , 9962
1.26 , 255 , 9965
2.52 , 255 , 9967
5.05 , 255 , 9970
7.57 , 255 , 9973
8.84 , 255 , 9976
10.10 , 255 , 9979
8.84 , 255 , 9982
8.84 , 255 , 9985
8.84 , 255 , 9988
8.84 , 255 , 9991
8.84 , 255 , 9994
8.84 , 255 , 9997
8.84 , 255 , 10000
8.84 , 255 , 10002
8.84 , 255 , 10005
8.84 , 255 , 10008
8.84 , 255 , 10011
8.84 , 255 , 10014
8.84 , 255 , 10017
10.10 , 255 , 10020
10.10 , 255 , 10023
11.36 , 255 , 10027
12.62 , 255 , 10029
12.62 , 255 , 10032
13.88 , 255 , 10035
13.88 , 255 , 10038
13.88 , 0 , 10041
13.88 , 0 , 10044
13.88 , 0 , 10047
13.88 , 0 , 10050
13.88 , 0 , 10052
13.88 , 0 , 10055
12.62 , 0 , 10058
12.62 , 0 , 10061
12.62 , 0 , 10064
11.36 , 0 , 10067
11.36 , 0 , 10070
11.36 , 0 , 10073
11.36 , 0 , 10076
10.10 , 0 , 10079
10.10 , 0 , 10082
10.10 , 0 , 10085
10.10 , 0 , 10087
10.10 , 0 , 10090
10.10 , 0 , 10093
8.84 , 0 , 10096
8.84 , 0 , 10099
8.84 , 0 , 10101
8.84 , 0 , 10104
8.84 , 0 , 10107
8.84 , 0 , 10110
8.84 , 0 , 10113
7.57 , 0 , 10116
7.57 , 0 , 10119
7.57 , 0 , 10122
7.57 , 0 , 10125
7.57 , 0 , 10127
7.57 , 0 , 10130
7.57 , 0 , 10133
7.57 , 0 , 10136
7.57 , 0 , 10138
7.57 , 0 , 10141
7.57 , 0 , 10144
7.57 , 0 , 10147
7.57 , 0 , 10150
7.57 , 0 , 10152
7.57 , 0 , 10156
7.57 , 0 , 10159
7.57 , 0 , 10162
7.57 , 0 , 10164
7.57 , 0 , 10167
7.57 , 0 , 10170
7.57 , 0 , 10173
7.57 , 0 , 10175
7.57 , 0 , 10178
6.31 , 0 , 10181
6.31 , 0 , 10184
5.05 , 0 , 10187
5.05 , 0 , 10189
3.79 , 0 , 10192
3.79 , 0 , 10195
2.52 , 0 , 10199
2.52 , 0 , 10202
1.26 , 0 , 10204
1.26 , 0 , 10207
0.00 , 0 , 10210
0.00 , 0 , 10213
-1.26 , 0 , 10215
-1.26 , 0 , 10218
-2.52 , 0 , 10221
-2.52 , 0 , 10224
-3.79 , 0 , 10226
-3.79 , 0 , 10229
-3.79 , 0 , 10232
-5.05 , 0 , 10235
-5.05 , 0 , 10238
-5.05 , 0 , 10241
-6.31 , 0 , 10244
-6.31 , 0 , 10247
-6.31 , 0 , 10250
-6.31 , 0 , 10252
-6.31 , 0 , 10255
-6.31 , 0 , 10258
-6.31 , 0 , 10261
-6.31 , 0 , 10264
-5.05 , 0 , 10266
-5.05 , 0 , 10269
-5.05 , 0 , 10272
-5.05 , 0 , 10275
-5.05 , 0 , 10277
-5.05 , 0 , 10280
-5.05 , 0 , 10284
-5.05 , 0 , 10287
-5.05 , 0 , 10290
-5.05 , 0 , 10292
-5.05 , 0 , 10295
-5.05 , 0 , 10298
-5.05 , 0 , 10301
-5.05 , 0 , 10304
-3.79 , 0 , 10306
-3.79 , 0 , 10309
-3.79 , 0 , 10312
-3.79 , 0 , 10315
-3.79 , 0 , 10317
-3.79 , 0 , 10320
-3.79 , 0 , 10323
-3.79 , 0 , 10327
-3.79 , 0 , 10330
-3.79 , 0 , 10332
-2.52 , 0 , 10335
-2.52 , 0 , 10338
-2.52 , 0 , 10341
-2.52 , 0 , 10343
-2.52 , 0 , 10346
-2.52 , 0 , 10349
-2.52 , 0 , 10352
-2.52 , 0 , 10355
-2.52 , 0 , 10357
-2.52 , 0 , 10360
-2.52 , 0 , 10363
-2.52 , 0 , 10366
-2.52 , 0 , 10369
-2.52 , 0 , 10372
-2.52 , 0 , 10375
-2.52 , 0 , 10378
-2.52 , 0 , 10381
-2.52 , 0 , 10383
-2.52 , 0 , 10386
-2.52 , 0 , 10389
-2.52 , 0 , 10392
-2.52 , 0 , 10394
-2.52 , 0 , 10397
-2.52 , 0 , 10400
-2.52 , 0 , 10403
-2.52 , 0 , 10406
-2.52 , 0 , 10408
-2.52 , 0 , 10412
-2.52 , 0 , 10415
-2.52 , 0 , 10418
-2.52 , 0 , 10420
-2.52 , 0 , 10423
-2.52 , 0 , 10426
-2.52 , 0 , 10429
-2.52 , 0 , 10432
-2.52 , 0 , 10434
-2.52 , 0 , 10437
-2.52 , 0 , 10440
-2.52 , 0 , 10443
-2.52 , 0 , 10445
-2.52 , 0 , 10448
-2.52 , 0 , 10451
-2.52 , 0 , 10455
-2.52 , 0 , 10458
-2.52 , 0 , 10460
-2.52 , 0 , 10463
-2.52 , 0 , 10466
-2.52 , 0 , 10469
-2.52 , 0 , 10471
-2.52 , 0 , 10474
-2.52 , 0 , 10477
-2.52 , 0 , 10480
-2.52 , 0 , 10483
-2.52 , 0 , 10485
-2.52 , 0 , 10488
-2.52 , 0 , 10491
-2.52 , 0 , 10494
-2.52 , 0 , 10497
-2.52 , 0 , 10500
-2.52 , 0 , 10503
-2.52 , 0 , 10506
-2.52 , 0 , 10509
-2.52 , 0 , 10511
-2.52 , 0 , 10514
-2.52 , 0 , 10517
-2.52 , 0 , 10520
-2.52 , 0 , 10522
-2.52 , 0 , 10525
-2.52 , 0 , 10528
-2.52 , 0 , 10531
-2.52 , 0 , 10534
-2.52 , 0 , 10536
-2.52 , 0 , 10540
-2.52 , 0 , 10543
-2.52 , 0 , 10546
-2.52 , 0 , 10549
-2.52 , 0 , 10551
-2.52 , 0 , 10554
-2.52 , 0 , 10557
-2.52 , 0 , 10560
-2.52 , 0 , 10562
-2.52 , 0 , 10565
-2.52 , 0 , 10568
-2.52 , 0 , 10571
-2.52 , 0 , 10574
-2.52 , 0 , 10576
-2.52 , 0 , 10579
-2.52 , 0 , 10583
-2.52 , 0 , 10586
-2.52 , 0 , 10588
-2.52 , 0 , 10591
-2.52 , 0 , 10594
-2.52 , 0 , 10597
-2.52 , 0 , 10600
-2.52 , 0 , 10602
-2.52 , 0 , 10605
-2.52 , 0 , 10608
-2.52 , 0 , 10611
-2.52 , 0 , 10613
-2.52 , 0 , 10616
-2.52 , 0 , 10619
-2.52 , 0 , 10622
-2.52 , 0 , 10626
-2.52 , 0 , 10628
-2.52 , 0 , 10631
-2.52 , 0 , 10634
-2.52 , 0 , 10637
-2.52 , 0 , 10639
-2.52 , 0 , 10642
-2.52 , 0 , 10645
-2.52 , 0 , 10648
-2.52 , 0 , 10651
-2.52 , 0 , 10653
-2.52 , 0 , 10656
-2.52 , 0 , 10659
-2.52 , 0 , 10662
-2.52 , 0 , 10664
-2.52 , 0 , 10668
-2.52 , 0 , 10671
-2.52 , 0 , 10674
-2.52 , 0 , 10677
-2.52 , 0 , 10679
-2.52 , 0 , 10682
-2.52 , 0 , 10685
-2.52 , 0 , 10688
-2.52 , 0 , 10690
-2.52 , 0 , 10693
-2.52 , 0 , 10696
-2.52 , 0 , 10699
-2.52 , 0 , 10702
-2.52 , 0 , 10704
-2.52 , 0 , 10707
-2.52 , 0 , 10711
-2.52 , 0 , 10714
-2.52 , 0 , 10716
-2.52 , 0 , 10719
-2.52 , 0 , 10722
-2.52 , 0 , 10725
-2.52 , 0 , 10728
-2.52 , 0 , 10730
-2.52 , 0 , 10733
-2.52 , 0 , 10736
-2.52 , 0 , 10739
-2.52 , 0 , 10741
-2.52 , 0 , 10744
-2.52 , 0 , 10747
-2.52 , 0 , 10750
-2.52 , 0 , 10754
-2.52 , 0 , 10756
-2.52 , 0 , 10759
-2.52 , 0 , 10762
-2.52 , 0 , 10765
-2.52 , 0 , 10767
-2.52 , 0 , 10770
-2.52 , 0 , 10773
-2.52 , 0 , 10776
-2.52 , 0 , 10779
-2.52 , 0 , 10781
-2.52 , 0 , 10784
-2.52 , 0 , 10787
-2.52 , 0 , 10790
-2.52 , 0 , 10792
-2.52 , 0 , 10796
-2.52 , 0 , 10799
-2.52 , 0 , 10802
-2.52 , 0 , 10805
-2.52 , 0 , 10807
-2.52 , 0 , 10810
-2.52 , 0 , 10813
-2.52 , 0 , 10816
-2.52 , 0 , 10818
-2.52 , 0 , 10821
-2.52 , 0 , 10824
-2.52 , 0 , 10827
-2.52 , 0 , 10830
-2.52 , 0 , 10832
-2.52 , 0 , 10835
-2.52 , 0 , 10839
-2.52 , 0 , 10842
-2.52 , 0 , 10844
-2.52 , 0 , 10847
-2.52 , 0 , 10850
-2.52 , 0 , 10853
-2.52 , 0 , 10856
-2.52 , 0 , 10858
-2.52 , 0 , 10861
-2.52 , 0 , 10864
-2.52 , 0 , 10867
-2.52 , 0 , 10869
-2.52 , 0 , 10872
-2.52 , 0 , 10875
-2.52 , 0 , 10878
-2.52 , 0 , 10882
-2.52 , 0 , 10884
-2.52 , 0 , 10887
-2.52 , 0 , 10890
-2.52 , 0 , 10893
-2.52 , 0 , 10895
-2.52 , 0 , 10898
-2.52 , 0 , 10901
-2.52 , 0 , 10904
-2.52 , 0 , 10907
-2.52 , 0 , 10909
-2.52 , 0 , 10912
-2.52 , 0 , 10915
-2.52 , 0 , 10918
-2.52 , 0 , 10921
-2.52 , 0 , 10924
-2.52 , 0 , 10927
-2.52 , 0 , 10930
-2.52 , 0 , 10933
-2.52 , 0 , 10935
-2.52 , 0 , 10938
-2.52 , 0 , 10941
-2.52 , 0 , 10944
-2.52 , 0 , 10947
-2.52 , 0 , 10949
-2.52 , 0 , 10952
-2.52 , 0 , 10955
-2.52 , 0 , 10958
-2.52 , 0 , 10960
-2.52 , 0 , 10963
-2.52 , 0 , 10967
-2.52 , 0 , 10970
-2.52 , 0 , 10973
-2.52 , 0 , 10975
-2.52 , 0 , 10978
-2.52 , 0 , 10981
-2.52 , 0 , 10984
-2.52 , 0 , 10986
-2.52 , 0 , 10989
-2.52 , 0 , 10992
-2.52 , 0 , 10995
-2.52 , 0 , 10998
-2.52 , 0 , 11000
-2.52 , 0 , 11003
-2.52 , 0 , 11006
-2.52 , 0 , 11010
-2.52 , 0 , 11012
-2.52 , 0 , 11015
-2.52 , 0 , 11018
-2.52 , 0 , 11021
-2.52 , 0 , 11024
-2.52 , 0 , 11026
-2.52 , 0 , 11029
-2.52 , 0 , 11032
-2.52 , 0 , 11035
-2.52 , 0 , 11037
-2.52 , 0 , 11040
-2.52 , 0 , 11043
-2.52 , 0 , 11046
-2.52 , 0 , 11049
-2.52 , 0 , 11052
-2.52 , 0 , 11055
-2.52 , 0 , 11058
-2.52 , 0 , 11061
-2.52 , 0 , 11063
-2.52 , 0 , 11066
-2.52 , 0 , 11069
-2.52 , 0 , 11072
-2.52 , 0 , 11075
-2.52 , 0 , 11077
-2.52 , 0 , 11080
-2.52 , 0 , 11083
-2.52 , 0 , 11086
-2.52 , 0 , 11088
-2.52 , 0 , 11091
-2.52 , 0 , 11095
-2.52 , 0 , 11098
-2.52 , 0 , 11101
-2.52 , 0 , 11103
-2.52 , 0 , 11106
-2.52 , 0 , 11109
-2.52 , 0 , 11112
-2.52 , 0 , 11114
-2.52 , 0 , 11117
-2.52 , 0 , 11120
-2.52 , 0 , 11123
-2.52 , 0 , 11126
-2.52 , 0 , 11128
-2.52 , 0 , 11131
-2.52 , 0 , 11134
-2.52 , 0 , 11138
-2.52 , 0 , 11140
-2.52 , 0 , 11143
-2.52 , 0 , 11146
-2.52 , 0 , 11149
-2.52 , 0 , 11152
-2.52 , 0 , 11154
-2.52 , 0 , 11157
-2.52 , 0 , 11160
-2.52 , 0 , 11163
-2.52 , 0 , 11165
-2.52 , 0 , 11168
-2.52 , 0 , 11171
-2.52 , 0 , 11174
-2.52 , 0 , 11177
-2.52 , 0 , 11180
-2.52 , 0 , 11183
-2.52 , 0 , 11186
-2.52 , 0 , 11189
-2.52 , 0 , 11191
-2.52 , 0 , 11194
-2.52 , 0 , 11197
-2.52 , 0 , 11200
-2.52 , 0 , 11203
-2.52 , 0 , 11205
-2.52 , 0 , 11208
-2.52 , 0 , 11211
-2.52 , 0 , 11214
-2.52 , 0 , 11216
-2.52 , 0 , 11219
-2.52 , 0 , 11223
-2.52 , 0 , 11226
-2.52 , 0 , 11229
-2.52 , 0 , 11231
-2.52 , 0 , 11234
-2.52 , 0 , 11237
-2.52 , 0 , 11240
-2.52 , 0 , 11243
-2.52 , 0 , 11245
-2.52 , 0 , 11248
-2.52 , 0 , 11251
-2.52 , 0 , 11254
-2.52 , 0 , 11256
-2.52 , 0 , 11259
-2.52 , 0 , 11262
-2.52 , 0 , 11266
-2.52 , 0 , 11269
-2.52 , 0 , 11271
-2.52 , 0 , 11274
-2.52 , 0 , 11277
-2.52 , 0 , 11280
-2.52 , 0 , 11282
-2.52 , 0 , 11285
-2.52 , 0 , 11288
-2.52 , 0 , 11291
-2.52 , 0 , 11294
-2.52 , 0 , 11296
-2.52 , 0 , 11299
-2.52 , 0 , 11302
-2.52 , 0 , 11305
-2.52 , 0 , 11308
-2.52 , 0 , 11311
-2.52 , 0 , 11314
-2.52 , 0 , 11317
-2.52 , 0 , 11320
-2.52 , 0 , 11322
-2.52 , 0 , 11325
-2.52 , 0 , 11328
-2.52 , 0 , 11331
-2.52 , 0 , 11333
-2.52 , 0 , 11336
-2.52 , 0 , 11339
-2.52 , 0 , 11342
-2.52 , 0 , 11345
-2.52 , 0 , 11347
-2.52 , 0 , 11351
-2.52 , 0 , 11354
-2.52 , 0 , 11357
-2.52 , 0 , 11359
-2.52 , 0 , 11362
-2.52 , 0 , 11365
-2.52 , 0 , 11368
-2.52 , 0 , 11371
-2.52 , 0 , 11373
-2.52 , 0 , 11376
-2.52 , 0 , 11377
-2.52 , 0 , 11378
-2.52 , 0 , 11379
-2.52 , 0 , 11379
-2.52 , 0 , 11380
-2.52 , 0 , 11381
-2.52 , 0 , 11382
-2.52 , 0 , 11384
-2.52 , 0 , 11386
-2.52 , 0 , 11387
-2.52 , 0 , 11389
-2.52 , 0 , 11390
-2.52 , 0 , 11393
-2.52 , 0 , 11394
-2.52 , 0 , 11396
-2.52 , 0 , 11398
-2.52 , 0 , 11399
-2.52 , 0 , 11401
-2.52 , 0 , 11402
-2.52 , 0 , 11404
-2.52 , 0 , 11405
-2.52 , 0 , 11407
-2.52 , 0 , 11409
-2.52 , 0 , 11410
-2.52 , 0 , 11412
-2.52 , 0 , 11413
-2.52 , 0 , 11415
-2.52 , 0 , 11417
-2.52 , 0 , 11418
-2.52 , 0 , 11420
-2.52 , 0 , 11421
-2.52 , 0 , 11423
-2.52 , 0 , 11424
-2.52 , 0 , 11426
-2.52 , 0 , 11428
-2.52 , 0 , 11429
-2.52 , 0 , 11431
-2.52 , 0 , 11432
-2.52 , 0 , 11435
-2.52 , 0 , 11436
-2.52 , 0 , 11438
-2.52 , 0 , 11440
-2.52 , 0 , 11441
-2.52 , 0 , 11443
-2.52 , 0 , 11444
-2.52 , 0 , 11446
-2.52 , 0 , 11447
-2.52 , 0 , 11449
-2.52 , 0 , 11451
-2.52 , 0 , 11452
-2.52 , 0 , 11454
-2.52 , 0 , 11455
-2.52 , 0 , 11457
-2.52 , 0 , 11459
-2.52 , 0 , 11460
-2.52 , 0 , 11462
-2.52 , 0 , 11463
-2.52 , 0 , 11465
-2.52 , 0 , 11466
-2.52 , 0 , 11468
-2.52 , 0 , 11470
-2.52 , 0 , 11471
-2.52 , 0 , 11473
-2.52 , 0 , 11474
-2.52 , 0 , 11476
-2.52 , 0 , 11478
-2.52 , 0 , 11480
-2.52 , 0 , 11482
-2.52 , 0 , 11483
-2.52 , 0 , 11485
-2.52 , 0 , 11486
-2.52 , 0 , 11488
-2.52 , 0 , 11489
-2.52 , 0 , 11491
-2.52 , 0 , 11493
-2.52 , 0 , 11494
-2.52 , 0 , 11496
-2.52 , 0 , 11497
-2.52 , 0 , 11499
-2.52 , 0 , 11501
-2.52 , 0 , 11502
-2.52 , 0 , 11504
-2.52 , 0 , 11505
-2.52 , 0 , 11507
-2.52 , 0 , 11508
-2.52 , 0 , 11510
-2.52 , 0 , 11512
-2.52 , 0 , 11513
-2.52 , 0 , 11515
-2.52 , 0 , 11516
-2.52 , 0 , 11518
-2.52 , 0 , 11520
-2.52 , 0 , 11522
-2.52 , 0 , 11524
-2.52 , 0 , 11525
-2.52 , 0 , 11527
-2.52 , 0 , 11528
-2.52 , 0 , 11530
-2.52 , 0 , 11531
-2.52 , 0 , 11533
-2.52 , 0 , 11535
-2.52 , 0 , 11536
-2.52 , 0 , 11538
-2.52 , 0 , 11539
-2.52 , 0 , 11541
-2.52 , 0 , 11543
-2.52 , 0 , 11544
-2.52 , 0 , 11546
-2.52 , 0 , 11547
-2.52 , 0 , 11549
-2.52 , 0 , 11550
-2.52 , 0 , 11552
-2.52 , 0 , 11554
-2.52 , 0 , 11555
-2.52 , 0 , 11557
-2.52 , 0 , 11558
-2.52 , 0 , 11560
-2.52 , 0 , 11561
-2.52 , 0 , 11564
-2.52 , 0 , 11566
-2.52 , 0 , 11567
-2.52 , 0 , 11569
-2.52 , 0 , 11570
-2.52 , 0 , 11572
-2.52 , 0 , 11573
-2.52 , 0 , 11575
-2.52 , 0 , 11577
-2.52 , 0 , 11578
-2.52 , 0 , 11580
-2.52 , 0 , 11581
-2.52 , 0 , 11583
-2.52 , 0 , 11585
-2.52 , 0 , 11586
-2.52 , 0 , 11588
-2.52 , 0 , 11589
-2.52 , 0 , 11591
-2.52 , 0 , 11592
-2.52 , 0 , 11594
-2.52 , 0 , 11596
-2.52 , 0 , 11597
-2.52 , 0 , 11599
-2.52 , 0 , 11600
-2.52 , 0 , 11602
-2.52 , 0 , 11603
-2.52 , 0 , 11606
-2.52 , 0 , 11608
-2.52 , 0 , 11609
-2.52 , 0 , 11611
-2.52 , 0 , 11612
-2.52 , 0 , 11614
-2.52 , 0 , 11615
-2.52 , 0 , 11617
-2.52 , 0 , 11619
-2.52 , 0 , 11620
-2.52 , 0 , 11622
-2.52 , 0 , 11623
-2.52 , 0 , 11625
-2.52 , 0 , 11627
-2.52 , 0 , 11628
-2.52 , 0 , 11630
-2.52 , 0 , 11631
-2.52 , 0 , 11633
-2.52 , 0 , 11634
-2.52 , 0 , 11636
-2.52 , 0 , 11638
-2.52 , 0 , 11639
-2.52 , 0 , 11641
-2.52 , 0 , 11642
-2.52 , 0 , 11644
-2.52 , 0 , 11645
-2.52 , 0 , 11648
-2.52 , 0 , 11650
-2.52 , 0 , 11651
-2.52 , 0 , 11653
-2.52 , 0 , 11654
-2.52 , 0 , 11656
-2.52 , 0 , 11658
-2.52 , 0 , 11659
-2.52 , 0 , 11661
-2.52 , 0 , 11662
-2.52 , 0 , 11664
-2.52 , 0 , 11665
-2.52 , 0 , 11667
-2.52 , 0 , 11669
-2.52 , 0 , 11670
-2.52 , 0 , 11672
-2.52 , 0 , 11673
-2.52 , 0 , 11675
-2.52 , 0 , 11676
-2.52 , 0 , 11678
-2.52 , 0 , 11680
-2.52 , 0 , 11681
-2.52 , 0 , 11683
-2.52 , 0 , 11684
-2.52 , 0 , 11686
-2.52 , 0 , 11687
-2.52 , 0 , 11689
-2.52 , 0 , 11692
-2.52 , 0 , 11693
-2.52 , 0 , 11695
-2.52 , 0 , 11696
-2.52 , 0 , 11698
-2.52 , 0 , 11700
-2.52 , 0 , 11701
-2.52 , 0 , 11703
-2.52 , 0 , 11704
-2.52 , 0 , 11706
-2.52 , 0 , 11707
-2.52 , 0 , 11709
-2.52 , 0 , 11711
-2.52 , 0 , 11712
-2.52 , 0 , 11714
-2.52 , 0 , 11715
-2.52 , 0 , 11717
-2.52 , 0 , 11718
-2.52 , 0 , 11720
-2.52 , 0 , 11722
-2.52 , 0 , 11723
-2.52 , 0 , 11725
-2.52 , 0 , 11726
-2.52 , 0 , 11728
-2.52 , 0 , 11729
-2.52 , 0 , 11731
-2.52 , 0 , 11734
-2.52 , 0 , 11735
-2.52 , 0 , 11737
-2.52 , 0 , 11738
-2.52 , 0 , 11740
-2.52 , 0 , 11742
-2.52 , 0 , 11743
-2.52 , 0 , 11745
-2.52 , 0 , 11746
-2.52 , 0 , 11748
-2.52 , 0 , 11749
-2.52 , 0 , 11751
-2.52 , 0 , 11753
-2.52 , 0 , 11754
-2.52 , 0 , 11756
-2.52 , 0 , 11757
-2.52 , 0 , 11759
-2.52 , 0 , 11760
-2.52 , 0 , 11762
-2.52 , 0 , 11764
-2.52 , 0 , 11765
-2.52 , 0 , 11767
-2.52 , 0 , 11768
-2.52 , 0 , 11770
-2.52 , 0 , 11771
-2.52 , 0 , 11773
-2.52 , 0 , 11776
-2.52 , 0 , 11777
-2.52 , 0 , 11779
-2.52 , 0 , 11780
-2.52 , 0 , 11782
-2.52 , 0 , 11784
-2.52 , 0 , 11785
-2.52 , 0 , 11787
-2.52 , 0 , 11788
-2.52 , 0 , 11790
-2.52 , 0 , 11791
-2.52 , 0 , 11793
-2.52 , 0 , 11795
-2.52 , 0 , 11796
-2.52 , 0 , 11798
-2.52 , 0 , 11799
-2.52 , 0 , 11801
-2.52 , 0 , 11802
-2.52 , 0 , 11804
-2.52 , 0 , 11806
-2.52 , 0 , 11807
-2.52 , 0 , 11809
-2.52 , 0 , 11810
-2.52 , 0 , 11812
-2.52 , 0 , 11813
-2.52 , 0 , 11815
-2.52 , 0 , 11817
-2.52 , 0 , 11819
-2.52 , 0 , 11821
-2.52 , 0 , 11822
-2.52 , 0 , 11824
-2.52 , 0 , 11826
-2.52 , 0 , 11827
-2.52 , 0 , 11829
-2.52 , 0 , 11830
-2.52 , 0 , 11832
-2.52 , 0 , 11833
-2.52 , 0 , 11835
-2.52 , 0 , 11837
-2.52 , 0 , 11838
-2.52 , 0 , 11840
-2.52 , 0 , 11841
-2.52 , 0 , 11843
-2.52 , 0 , 11844
-2.52 , 0 , 11846
-2.52 , 0 , 11848
-2.52 , 0 , 11849
-2.52 , 0 , 11851
-2.52 , 0 , 11852
-2.52 , 0 , 11854
-2.52 , 0 , 11855
-2.52 , 0 , 11857
-2.52 , 0 , 11859
-2.52 , 0 , 11860
-2.52 , 0 , 11863
-2.52 , 0 , 11864
-2.52 , 0 , 11866
-2.52 , 0 , 11868
-2.52 , 0 , 11869
-2.52 , 0 , 11871
-2.52 , 0 , 11872
-2.52 , 0 , 11874
-2.52 , 0 , 11875
-2.52 , 0 , 11877
-2.52 , 0 , 11879
-2.52 , 0 , 11880
-2.52 , 0 , 11882
-2.52 , 0 , 11883
-2.52 , 0 , 11885
-2.52 , 0 , 11886
-2.52 , 0 , 11888
-2.52 , 0 , 11890
-2.52 , 0 , 11891
-2.52 , 0 , 11893
-2.52 , 0 , 11894
-2.52 , 0 , 11896
-2.52 , 0 , 11897
-2.52 , 0 , 11899
-2.52 , 0 , 11901
-2.52 , 0 , 11902
-2.52 , 0 , 11905
-2.52 , 0 , 11906
-2.52 , 0 , 11908
-2.52 , 0 , 11910
-2.52 , 0 , 11911
-2.52 , 0 , 11913
-2.52 , 0 , 11914
-2.52 , 0 , 11916
-2.52 , 0 , 11917
-2.52 , 0 , 11919
-2.52 , 0 , 11921
-2.52 , 0 , 11922
-2.52 , 0 , 11924
-2.52 , 0 , 11925
-2.52 , 0 , 11927
-2.52 , 0 , 11928
-2.52 , 0 , 11930
-2.52 , 0 , 11932
-2.52 , 0 , 11933
-2.52 , 0 , 11935
-2.52 , 0 , 11936
-2.52 , 0 , 11938
-2.52 , 0 , 11940
-2.52 , 0 , 11941
-2.52 , 0 , 11943
-2.52 , 0 , 11944
-2.52 , 0 , 11947
-2.52 , 0 , 11948
-2.52 , 0 , 11950
-2.52 , 0 , 11952
-2.52 , 0 , 11953
-2.52 , 0 , 11955
-2.52 , 0 , 11956
-2.52 , 0 , 11958
-2.52 , 0 , 11959
-2.52 , 0 , 11961
-2.52 , 0 , 11963
-2.52 , 0 , 11964
-2.52 , 0 , 11966
-2.52 , 0 , 11967
-2.52 , 0 , 11969
-2.52 , 0 , 11970
-2.52 , 0 , 11972
-2.52 , 0 , 11974
-2.52 , 0 , 11975
-2.52 , 0 , 11977
-2.52 , 0 , 11978
-2.52 , 0 , 11980
-2.52 , 0 , 11982
-2.52 , 0 , 11983
-2.52 , 0 , 11985
-2.52 , 0 , 11986
-2.52 , 0 , 11988
-2.52 , 0 , 11990
-2.52 , 0 , 11992
-2.52 , 0 , 11994
-2.52 , 0 , 11995
-2.52 , 0 , 11997
-2.52 , 0 , 11998
-2.52 , 0 , 12000
-2.52 , 0 , 12001
-2.52 , 0 , 12003
-2.52 , 0 , 12005
-2.52 , 0 , 12006
-2.52 , 0 , 12008
-2.52 , 0 , 12009
-2.52 , 0 , 12011
-2.52 , 0 , 12012
-2.52 , 0 , 12014
-2.52 , 0 , 12016
-2.52 , 0 , 12017
-2.52 , 0 , 12019
-2.52 , 0 , 12020
-2.52 , 0 , 12022
-2.52 , 0 , 12024
-2.52 , 0 , 12025
-2.52 , 0 , 12027
-2.52 , 0 , 12028
-2.52 , 0 , 12030
-2.52 , 0 , 12032
-2.52 , 0 , 12034
-2.52 , 0 , 12036
-2.52 , 0 , 12037
-2.52 , 0 , 12039
-2.52 , 0 , 12040
-2.52 , 0 , 12042
-2.52 , 0 , 12043
-2.52 , 0 , 12045
-2.52 , 0 , 12047
-2.52 , 0 , 12048
-2.52 , 0 , 12050
-2.52 , 0 , 12051
-2.52 , 0 , 12053
-2.52 , 0 , 12054
-2.52 , 0 , 12056
-2.52 , 0 , 12058
-2.52 , 0 , 12059
-2.52 , 0 , 12061
-2.52 , 0 , 12062
-2.52 , 0 , 12064
-2.52 , 0 , 12066
-2.52 , 0 , 12067
-2.52 , 0 , 12069
-2.52 , 0 , 12070
-2.52 , 0 , 12072
-2.52 , 0 , 12073
-2.52 , 0 , 12076
-2.52 , 0 , 12078
-2.52 , 0 , 12079
-2.52 , 0 , 12081
-2.52 , 0 , 12082
-2.52 , 0 , 12084
-2.52 , 0 , 12085
-2.52 , 0 , 12087
-2.52 , 0 , 12089
-2.52 , 0 , 12090
-2.52 , 0 , 12092
-2.52 , 0 , 12093
-2.52 , 0 , 12095
-2.52 , 0 , 12096
-2.52 , 0 , 12098
-2.52 , 0 , 12100
-2.52 , 0 , 12101
-2.52 , 0 , 12103
-2.52 , 0 , 12104
-2.52 , 0 , 12106
-2.52 , 0 , 12108
-2.52 , 0 , 12109
-2.52 , 0 , 12111
-2.52 , 0 , 12112
-2.52 , 0 , 12114
-2.52 , 0 , 12115
-2.52 , 0 , 12118
-2.52 , 0 , 12120
-2.52 , 0 , 12121
-2.52 , 0 , 12123
-2.52 , 0 , 12124
-2.52 , 0 , 12126
-2.52 , 0 , 12127
-2.52 , 0 , 12129
-2.52 , 0 , 12131
-2.52 , 0 , 12132
-2.52 , 0 , 12134
-2.52 , 0 , 12135
-2.52 , 0 , 12137
-2.52 , 0 , 12138
-2.52 , 0 , 12140
-2.52 , 0 , 12142
-2.52 , 0 , 12143
-2.52 , 0 , 12145
-2.52 , 0 , 12146
-2.52 , 0 , 12148
-2.52 , 0 , 12150
-2.52 , 0 , 12151
-2.52 , 0 , 12153
-2.52 , 0 , 12154
-2.52 , 0 , 12156
-2.52 , 0 , 12157
-2.52 , 0 , 12160
-2.52 , 0 , 12162
-2.52 , 0 , 12163
-2.52 , 0 , 12165
-2.52 , 0 , 12166
-2.52 , 0 , 12168
-2.52 , 0 , 12169
-2.52 , 0 , 12171
-2.52 , 0 , 12173
-2.52 , 0 , 12174
-2.52 , 0 , 12176
-2.52 , 0 , 12177
-2.52 , 0 , 12179
-2.52 , 0 , 12180
-2.52 , 0 , 12182
-2.52 , 0 , 12184
-2.52 , 0 , 12185
-2.52 , 0 , 12187
-2.52 , 0 , 12188
-2.52 , 0 , 12190
-2.52 , 0 , 12192
-2.52 , 0 , 12193
-2.52 , 0 , 12195
-2.52 , 0 , 12196
-2.52 , 0 , 12198
-2.52 , 0 , 12199
-2.52 , 0 , 12201
-2.52 , 0 , 12204
-2.52 , 0 , 12205
-2.52 , 0 , 12207
-2.52 , 0 , 12208
-2.52 , 0 , 12210
-2.52 , 0 , 12211
-2.52 , 0 , 12213
-2.52 , 0 , 12215
-2.52 , 0 , 12216
-2.52 , 0 , 12218
-2.52 , 0 , 12219
-2.52 , 0 , 12221
-2.52 , 0 , 12223
-2.52 , 0 , 12224
-2.52 , 0 , 12226
-2.52 , 0 , 12227
-2.52 , 0 , 12229
-2.52 , 0 , 12230
-2.52 , 0 , 12232
-2.52 , 0 , 12234
-2.52 , 0 , 12235
-2.52 , 0 , 12237
-2.52 , 0 , 12238
-2.52 , 0 , 12240
-2.52 , 0 , 12241
-2.52 , 0 , 12243
-2.52 , 0 , 12246
-2.52 , 0 , 12247
-2.52 , 0 , 12249
-2.52 , 0 , 12250
-2.52 , 0 , 12252
-2.52 , 0 , 12253
-2.52 , 0 , 12255
-2.52 , 0 , 12257
-2.52 , 0 , 12258
-2.52 , 0 , 12260
-2.52 , 0 , 12261
-2.52 , 0 , 12263
-2.52 , 0 , 12265
-2.52 , 0 , 12266
-2.52 , 0 , 12268
-2.52 , 0 , 12269
-2.52 , 0 , 12271
-2.52 , 0 , 12272
-2.52 , 0 , 12274
-2.52 , 0 , 12276
-2.52 , 0 , 12277
-2.52 , 0 , 12279
-2.52 , 0 , 12280
-2.52 , 0 , 12282
-2.52 , 0 , 12283
-2.52 , 0 , 12285
-2.52 , 0 , 12288
-2.52 , 0 , 12289
-2.52 , 0 , 12291
-2.52 , 0 , 12292
-2.52 , 0 , 12294
-2.52 , 0 , 12295
-2.52 , 0 , 12297
-2.52 , 0 , 12299
-2.52 , 0 , 12300
-2.52 , 0 , 12302
-2.52 , 0 , 12303
-2.52 , 0 , 12305
-2.52 , 0 , 12307
-2.52 , 0 , 12308
-2.52 , 0 , 12310
-2.52 , 0 , 12311
-2.52 , 0 , 12313
-2.52 , 0 , 12314
-2.52 , 0 , 12316
-2.52 , 0 , 12318
-2.52 , 0 , 12319
-2.52 , 0 , 12321
-2.52 , 0 , 12322
-2.52 , 0 , 12324
-2.52 , 0 , 12325
-2.52 , 0 , 12327
-2.52 , 0 , 12329
-2.52 , 0 , 12331
-2.52 , 0 , 12333
-2.52 , 0 , 12334
-2.52 , 0 , 12336
-2.52 , 0 , 12337
-2.52 , 0 , 12339
-2.52 , 0 , 12341
-2.52 , 0 , 12342
-2.52 , 0 , 12344
-2.52 , 0 , 12345
-2.52 , 0 , 12347
-2.52 , 0 , 12349
-2.52 , 0 , 12350
-2.52 , 0 , 12352
-2.52 , 0 , 12353
-2.52 , 0 , 12355
-2.52 , 0 , 12356
-2.52 , 0 , 12358
-2.52 , 0 , 12360
-2.52 , 0 , 12361
-2.52 , 0 , 12363
-2.52 , 0 , 12364
-2.52 , 0 , 12366
-2.52 , 0 , 12367
-2.52 , 0 , 12369
-2.52 , 0 , 12371
-2.52 , 0 , 12372
-2.52 , 0 , 12375
-2.52 , 0 , 12376
-2.52 , 0 , 12378
-2.52 , 0 , 12379
-2.52 , 0 , 12381
-2.52 , 0 , 12383
-2.52 , 0 , 12384
-2.52 , 0 , 12386
-2.52 , 0 , 12387
-2.52 , 0 , 12389
-2.52 , 0 , 12391
-2.52 , 0 , 12392
-2.52 , 0 , 12394
-2.52 , 0 , 12395
-2.52 , 0 , 12397
-2.52 , 0 , 12398
-2.52 , 0 , 12400
-2.52 , 0 , 12402
-2.52 , 0 , 12403
-2.52 , 0 , 12405
-2.52 , 0 , 12406
-2.52 , 0 , 12408
-2.52 , 0 , 12409
-2.52 , 0 , 12411
-2.52 , 0 , 12413
-2.52 , 0 , 12414
-2.52 , 0 , 12417
-2.52 , 0 , 12418
-2.52 , 0 , 12420
-2.52 , 0 , 12421
-2.52 , 0 , 12423
-2.52 , 0 , 12425
-2.52 , 0 , 12426
-2.52 , 0 , 12428
-2.52 , 0 , 12429
-2.52 , 0 , 12431
-2.52 , 0 , 12433
-2.52 , 0 , 12434
-2.52 , 0 , 12436
-2.52 , 0 , 12437
-2.52 , 0 , 12439
-2.52 , 0 , 12440
-2.52 , 0 , 12442
-2.52 , 0 , 12444
-2.52 , 0 , 12445
-2.52 , 0 , 12447
-2.52 , 0 , 12448
-2.52 , 0 , 12450
-2.52 , 0 , 12451
-2.52 , 0 , 12453
-2.52 , 0 , 12455
-2.52 , 0 , 12456
-2.52 , 0 , 12459
-2.52 , 0 , 12460
-2.52 , 0 , 12462
-2.52 , 0 , 12463
-2.52 , 0 , 12465
-2.52 , 0 , 12467
-2.52 , 0 , 12468
-2.52 , 0 , 12470
-2.52 , 0 , 12471
-2.52 , 0 , 12473
-2.52 , 0 , 12475
-2.52 , 0 , 12476
-2.52 , 0 , 12478
-2.52 , 0 , 12479
-2.52 , 0 , 12481
-2.52 , 0 , 12482
-2.52 , 0 , 12484
-2.52 , 0 , 12486
-2.52 , 0 , 12487
-2.52 , 0 , 12489
-2.52 , 0 , 12490
-2.52 , 0 , 12492
-2.52 , 0 , 12493
-2.52 , 0 , 12495
-2.52 , 0 , 12497
-2.52 , 0 , 12498
-2.52 , 0 , 12500
-2.52 , 0 , 12502
-2.52 , 0 , 12504
-2.52 , 0 , 12506
-2.52 , 0 , 12507
-2.52 , 0 , 12509
-2.52 , 0 , 12510
-2.52 , 0 , 12512
-2.52 , 0 , 12513
-2.52 , 0 , 12515
-2.52 , 0 , 12517
-2.52 , 0 , 12518
-2.52 , 0 , 12520
-2.52 , 0 , 12521
-2.52 , 0 , 12523
-2.52 , 0 , 12524
-2.52 , 0 , 12526
-2.52 , 0 , 12528
-2.52 , 0 , 12529
-2.52 , 0 , 12531
-2.52 , 0 , 12532
-2.52 , 0 , 12534
-2.52 , 0 , 12535
-2.52 , 0 , 12537
-2.52 , 0 , 12539
-2.52 , 0 , 12540
-2.52 , 0 , 12542
-2.52 , 0 , 12544
-2.52 , 0 , 12546
-2.52 , 0 , 12548
-2.52 , 0 , 12549
-2.52 , 0 , 12551
-2.52 , 0 , 12552
-2.52 , 0 , 12554
-2.52 , 0 , 12555
-2.52 , 0 , 12557
-2.52 , 0 , 12559
-2.52 , 0 , 12560
-2.52 , 0 , 12562
-2.52 , 0 , 12563
-2.52 , 0 , 12565
-2.52 , 0 , 12566
-2.52 , 0 , 12568
-2.52 , 0 , 12570
-2.52 , 0 , 12571
-2.52 , 0 , 12573
-2.52 , 0 , 12574
-2.52 , 0 , 12576
-2.52 , 0 , 12577
-2.52 , 0 , 12579
-2.52 , 0 , 12581
-2.52 , 0 , 12582
-2.52 , 0 , 12584
-2.52 , 0 , 12585
-2.52 , 0 , 12588
-2.52 , 0 , 12590
-2.52 , 0 , 12591
-2.52 , 0 , 12593
-2.52 , 0 , 12594
-2.52 , 0 , 12596
-2.52 , 0 , 12597
-2.52 , 0 , 12599
-2.52 , 0 , 12601
-2.52 , 0 , 12602
-2.52 , 0 , 12604
-2.52 , 0 , 12605
-2.52 , 0 , 12607
-2.52 , 0 , 12608
-2.52 , 0 , 12610
-2.52 , 0 , 12612
-2.52 , 0 , 12613
-2.52 , 0 , 12615
-2.52 , 0 , 12616
-2.52 , 0 , 12618
-2.52 , 0 , 12619
-2.52 , 0 , 12621
-2.52 , 0 , 12623
-2.52 , 0 , 12624
-2.52 , 0 , 12626
-2.52 , 0 , 12627
-2.52 , 0 , 12630
-2.52 , 0 , 12632
-2.52 , 0 , 12633
-2.52 , 0 , 12635
-2.52 , 0 , 12636
-2.52 , 0 , 12638
-2.52 , 0 , 12639
-2.52 , 0 , 12641
-2.52 , 0 , 12643
-2.52 , 0 , 12644
-2.52 , 0 , 12646
-2.52 , 0 , 12647
-2.52 , 0 , 12649
-2.52 , 0 , 12650
-2.52 , 0 , 12652
-2.52 , 0 , 12654
-2.52 , 0 , 12655
-2.52 , 0 , 12657
-2.52 , 0 , 12658
-2.52 , 0 , 12660
-2.52 , 0 , 12661
-2.52 , 0 , 12663
-2.52 , 0 , 12665
-2.52 , 0 , 12666
-2.52 , 0 , 12668
-2.52 , 0 , 12669
-2.52 , 0 , 12672
-2.52 , 0 , 12674
-2.52 , 0 , 12675
-2.52 , 0 , 12677
-2.52 , 0 , 12678
-2.52 , 0 , 12680
-2.52 , 0 , 12681
-2.52 , 0 , 12683
-2.52 , 0 , 12685
-2.52 , 0 , 12686
-2.52 , 0 , 12688
-2.52 , 0 , 12689
-2.52 , 0 , 12691
-2.52 , 0 , 12692
-2.52 , 0 , 12694
-2.52 , 0 , 12696
-2.52 , 0 , 12697
-2.52 , 0 , 12699
-2.52 , 0 , 12700
-2.52 , 0 , 12702
-2.52 , 0 , 12703
-2.52 , 0 , 12705
-2.52 , 0 , 12707
-2.52 , 0 , 12708
-2.52 , 0 , 12710
-2.52 , 0 , 12711
-2.52 , 0 , 12713
-2.52 , 0 , 12716
-2.52 , 0 , 12717
-2.52 , 0 , 12719
-2.52 , 0 , 12720
-2.52 , 0 , 12722
-2.52 , 0 , 12723
-2.52 , 0 , 12725
-2.52 , 0 , 12727
-2.52 , 0 , 12728
-2.52 , 0 , 12730
-2.52 , 0 , 12731
-2.52 , 0 , 12733
-2.52 , 0 , 12734
-2.52 , 0 , 12736
-2.52 , 0 , 12738
-2.52 , 0 , 12739
-2.52 , 0 , 12741
-2.52 , 0 , 12742
-2.52 , 0 , 12744
-2.52 , 0 , 12746
-2.52 , 0 , 12747
-2.52 , 0 , 12749
-2.52 , 0 , 12750
-2.52 , 0 , 12752
-2.52 , 0 , 12753
-2.52 , 0 , 12755
-2.52 , 0 , 12758
-2.52 , 0 , 12759
-2.52 , 0 , 12761
-2.52 , 0 , 12762
-2.52 , 0 , 12764
-2.52 , 0 , 12765
-2.52 , 0 , 12767
-2.52 , 0 , 12769
-2.52 , 0 , 12770
-2.52 , 0 , 12772
-2.52 , 0 , 12773
-2.52 , 0 , 12775
-2.52 , 0 , 12776
-2.52 , 0 , 12778
-2.52 , 0 , 12780
-2.52 , 0 , 12781
-2.52 , 0 , 12783
-2.52 , 0 , 12784
-2.52 , 0 , 12786
-2.52 , 0 , 12788
-2.52 , 0 , 12789
-2.52 , 0 , 12791
-2.52 , 0 , 12792
-2.52 , 0 , 12794
-2.52 , 0 , 12795
-2.52 , 0 , 12797
-2.52 , 0 , 12800
-2.52 , 0 , 12801
-2.52 , 0 , 12803
-2.52 , 0 , 12804
-2.52 , 0 , 12806
-2.52 , 0 , 12807
-2.52 , 0 , 12809
-2.52 , 0 , 12811
-2.52 , 0 , 12812
-2.52 , 0 , 12814
-2.52 , 0 , 12815
-2.52 , 0 , 12817
-2.52 , 0 , 12818
-2.52 , 0 , 12820
-2.52 , 0 , 12822
-2.52 , 0 , 12823
-2.52 , 0 , 12825
-2.52 , 0 , 12826
-2.52 , 0 , 12828
-2.52 , 0 , 12830
-2.52 , 0 , 12831
-2.52 , 0 , 12833
-2.52 , 0 , 12834
-2.52 , 0 , 12836
-2.52 , 0 , 12837
-2.52 , 0 , 12839
-2.52 , 0 , 12841
-2.52 , 0 , 12843
-2.52 , 0 , 12845
-2.52 , 0 , 12846
-2.52 , 0 , 12848
-2.52 , 0 , 12849
-2.52 , 0 , 12851
-2.52 , 0 , 12853
-2.52 , 0 , 12854
-2.52 , 0 , 12856
-2.52 , 0 , 12857
-2.52 , 0 , 12859
-2.52 , 0 , 12860
-2.52 , 0 , 12862
-2.52 , 0 , 12864
-2.52 , 0 , 12865
-2.52 , 0 , 12867
-2.52 , 0 , 12868
-2.52 , 0 , 12870
-2.52 , 0 , 12872
-2.52 , 0 , 12873
-2.52 , 0 , 12875
-2.52 , 0 , 12876
-2.52 , 0 , 12878
-2.52 , 0 , 12879
-2.52 , 0 , 12881
-2.52 , 0 , 12883
-2.52 , 0 , 12884
-2.52 , 0 , 12887
-2.52 , 0 , 12888
-2.52 , 0 , 12890
-2.52 , 0 , 12891
-2.52 , 0 , 12893
-2.52 , 0 , 12895
-2.52 , 0 , 12896
-2.52 , 0 , 12898
-2.52 , 0 , 12899
-2.52 , 0 , 12901
-2.52 , 0 , 12902
-2.52 , 0 , 12904
-2.52 , 0 , 12906
-2.52 , 0 , 12907
-2.52 , 0 , 12909
-2.52 , 0 , 12910
-2.52 , 0 , 12912
-2.52 , 0 , 12914
-2.52 , 0 , 12915
-2.52 , 0 , 12917
-2.52 , 0 , 12918
-2.52 , 0 , 12920
-2.52 , 0 , 12921
-2.52 , 0 , 12923
-2.52 , 0 , 12925
-2.52 , 0 , 12926
-2.52 , 0 , 12929
-2.52 , 0 , 12930
-2.52 , 0 , 12932
-2.52 , 0 , 12933
-2.52 , 0 , 12935
-2.52 , 0 , 12937
-2.52 , 0 , 12938
-2.52 , 0 , 12940
-2.52 , 0 , 12941
-2.52 , 0 , 12943
-2.52 , 0 , 12944
-2.52 , 0 , 12946
-2.52 , 0 , 12948
-2.52 , 0 , 12949
-2.52 , 0 , 12951